legLengthCM 90.000000 maxTrialDuration 0.500000 numBlocks 1.000000 mocapRefresh 960.000000 mocapInterp 0.000000 mocapPostProcess 0.000000 
frameTime 3.809433 sysTime 1439414037.184000  eventFlag 1  trialType t1 [ obstacle_XYZ 0.000000 0.000000 0.390165 ]  obstacleHeight 0.135000  isWalkingDownAxis 0  trialNum 0 [ rFoot_XYZ -0.122580 0.134250 -2.737511 ] [ rFootQUAT_XYZW 0.018251 0.983136 0.017514 -0.181116 ] [ lFoot_XYZ 0.163884 0.128916 -2.912941 ] [ lFootQUAT_XYZW -0.007830 0.987356 -0.005925 -0.158212 ] [ glasses_XYZ 0.063708 1.032015 -2.983268 ] [ glassesQUAT_XYZW -0.154144 -0.712399 0.067077 0.681342 ] [ viewPos_XYZ 0.063708 1.032015 -2.983268 ] [ viewQUAT_XYZW 1.000000 0.000000 -0.000000 0.000000 ] 
frameTime 3.826235 sysTime 1439414037.197000  eventFlag 0 [ rFoot_XYZ -0.119138 0.134258 -2.730151 ] [ rFootQUAT_XYZW 0.017822 0.981956 0.016827 -0.187515 ] [ lFoot_XYZ 0.165670 0.129137 -2.908833 ] [ lFootQUAT_XYZW -0.005544 0.986211 -0.006891 -0.165254 ] [ glasses_XYZ 0.064802 1.032165 -2.977401 ] [ glassesQUAT_XYZW -0.146654 -0.700393 0.077648 0.694200 ] [ viewPos_XYZ 0.064802 1.032165 -2.977401 ] [ viewQUAT_XYZW 1.000000 0.000000 -0.000000 0.000000 ] 
frameTime 3.842740 sysTime 1439414037.214000  eventFlag 0 [ rFoot_XYZ -0.114915 0.133028 -2.721721 ] [ rFootQUAT_XYZW 0.024820 0.980528 0.012054 -0.194432 ] [ lFoot_XYZ 0.166528 0.128071 -2.904703 ] [ lFootQUAT_XYZW -0.004690 0.985781 -0.003237 -0.167940 ] [ glasses_XYZ 0.065446 1.031877 -2.970783 ] [ glassesQUAT_XYZW -0.151443 -0.696290 0.077146 0.697347 ] [ viewPos_XYZ 0.065446 1.031877 -2.970783 ] [ viewQUAT_XYZW 1.000000 0.000000 -0.000000 0.000000 ] 
frameTime 3.859382 sysTime 1439414037.233000  eventFlag 0 [ rFoot_XYZ -0.110158 0.132872 -2.712536 ] [ rFootQUAT_XYZW 0.027098 0.979310 0.009679 -0.200311 ] [ lFoot_XYZ 0.167807 0.126978 -2.899537 ] [ lFootQUAT_XYZW -0.010214 0.984635 0.003034 -0.174300 ] [ glasses_XYZ 0.066077 1.031771 -2.965358 ] [ glassesQUAT_XYZW -0.154408 -0.692835 0.075070 0.700359 ] [ viewPos_XYZ 0.066077 1.031771 -2.965358 ] [ viewQUAT_XYZW 1.000000 0.000000 -0.000000 0.000000 ] 
frameTime 3.876372 sysTime 1439414037.248000  eventFlag 0 [ rFoot_XYZ -0.107139 0.132311 -2.704472 ] [ rFootQUAT_XYZW 0.028966 0.977208 0.009269 -0.210096 ] [ lFoot_XYZ 0.169170 0.126492 -2.894804 ] [ lFootQUAT_XYZW -0.015472 0.983381 0.006027 -0.180793 ] [ glasses_XYZ 0.066946 1.033239 -2.960835 ] [ glassesQUAT_XYZW -0.141100 -0.689467 0.075359 0.706433 ] [ viewPos_XYZ 0.066946 1.033239 -2.960835 ] [ viewQUAT_XYZW 1.000000 0.000000 -0.000000 0.000000 ] 
frameTime 3.892749 sysTime 1439414037.265000  eventFlag 0 [ rFoot_XYZ -0.104193 0.133060 -2.696929 ] [ rFootQUAT_XYZW 0.026215 0.975614 0.011596 -0.217613 ] [ lFoot_XYZ 0.171738 0.128254 -2.890492 ] [ lFootQUAT_XYZW -0.012868 0.981403 -0.002970 -0.191503 ] [ glasses_XYZ 0.069102 1.035661 -2.957112 ] [ glassesQUAT_XYZW -0.111333 -0.679842 0.084576 0.719907 ] [ viewPos_XYZ 0.069102 1.035661 -2.957112 ] [ viewQUAT_XYZW 1.000000 0.000000 -0.000000 0.000000 ] 
frameTime 3.909378 sysTime 1439414037.283000  eventFlag 0 [ rFoot_XYZ -0.100863 0.133801 -2.689493 ] [ rFootQUAT_XYZW 0.021755 0.974197 0.014515 -0.224179 ] [ lFoot_XYZ 0.173622 0.129039 -2.886639 ] [ lFootQUAT_XYZW -0.010579 0.979882 -0.006618 -0.199187 ] [ glasses_XYZ 0.070408 1.036783 -2.952067 ] [ glassesQUAT_XYZW -0.095845 -0.674024 0.084956 0.727522 ] [ viewPos_XYZ 0.070408 1.036783 -2.952067 ] [ viewQUAT_XYZW 1.000000 0.000000 -0.000000 0.000000 ] 
frameTime 3.926354 sysTime 1439414037.298000  eventFlag 0 [ rFoot_XYZ -0.097044 0.134259 -2.682828 ] [ rFootQUAT_XYZW 0.016031 0.972530 0.017044 -0.231597 ] [ lFoot_XYZ 0.175465 0.129530 -2.883029 ] [ lFootQUAT_XYZW -0.008771 0.978434 -0.007344 -0.206241 ] [ glasses_XYZ 0.071153 1.038516 -2.947375 ] [ glassesQUAT_XYZW -0.076770 -0.664942 0.087072 0.737819 ] [ viewPos_XYZ 0.071153 1.038516 -2.947375 ] [ viewQUAT_XYZW 1.000000 0.000000 -0.000000 0.000000 ] 
frameTime 3.942790 sysTime 1439414037.314000  eventFlag 0 [ rFoot_XYZ -0.093114 0.133635 -2.675800 ] [ rFootQUAT_XYZW 0.017119 0.971303 0.014426 -0.236788 ] [ lFoot_XYZ 0.177041 0.129561 -2.879322 ] [ lFootQUAT_XYZW -0.007897 0.977361 -0.006821 -0.211323 ] [ glasses_XYZ 0.071591 1.039751 -2.942749 ] [ glassesQUAT_XYZW -0.066455 -0.662889 0.077516 0.741723 ] [ viewPos_XYZ 0.071591 1.039751 -2.942749 ] [ viewQUAT_XYZW 1.000000 0.000000 -0.000000 0.000000 ] 
frameTime 3.959394 sysTime 1439414037.333000  eventFlag 0 [ rFoot_XYZ -0.089829 0.133782 -2.669474 ] [ rFootQUAT_XYZW 0.017183 0.969876 0.014840 -0.242540 ] [ lFoot_XYZ 0.178518 0.129515 -2.875366 ] [ lFootQUAT_XYZW -0.007953 0.976019 -0.006235 -0.217448 ] [ glasses_XYZ 0.072319 1.040858 -2.938540 ] [ glassesQUAT_XYZW -0.060293 -0.669220 0.053422 0.738685 ] [ viewPos_XYZ 0.072319 1.040858 -2.938540 ] [ viewQUAT_XYZW 1.000000 0.000000 -0.000000 0.000000 ] 
frameTime 3.976240 sysTime 1439414037.350000  eventFlag 0 [ rFoot_XYZ -0.086612 0.133373 -2.663565 ] [ rFootQUAT_XYZW 0.018984 0.969450 0.013188 -0.244197 ] [ lFoot_XYZ 0.179615 0.129218 -2.871668 ] [ lFootQUAT_XYZW -0.006816 0.975121 -0.005288 -0.221504 ] [ glasses_XYZ 0.073179 1.038701 -2.932254 ] [ glassesQUAT_XYZW -0.070807 -0.660023 0.076286 0.744000 ] [ viewPos_XYZ 0.073179 1.038701 -2.932254 ] [ viewQUAT_XYZW 1.000000 0.000000 -0.000000 0.000000 ] 
frameTime 3.992901 sysTime 1439414037.367000  eventFlag 0 [ rFoot_XYZ -0.083632 0.133387 -2.657115 ] [ rFootQUAT_XYZW 0.019846 0.968435 0.013031 -0.248134 ] [ lFoot_XYZ 0.180694 0.129148 -2.867515 ] [ lFootQUAT_XYZW -0.008135 0.974011 -0.006286 -0.226267 ] [ glasses_XYZ 0.075068 1.039093 -2.928503 ] [ glassesQUAT_XYZW -0.063491 -0.652759 0.082313 0.750399 ] [ viewPos_XYZ 0.075068 1.039093 -2.928503 ] [ viewQUAT_XYZW 1.000000 0.000000 -0.000000 0.000000 ] 
frameTime 4.009955 sysTime 1439414037.381000  eventFlag 0 [ rFoot_XYZ -0.079994 0.133320 -2.650166 ] [ rFootQUAT_XYZW 0.021080 0.967307 0.012165 -0.252439 ] [ lFoot_XYZ 0.181801 0.128758 -2.862964 ] [ lFootQUAT_XYZW -0.009143 0.973232 -0.004490 -0.229599 ] [ glasses_XYZ 0.077398 1.040658 -2.925055 ] [ glassesQUAT_XYZW -0.047664 -0.646776 0.080722 0.756897 ] [ viewPos_XYZ 0.077398 1.040658 -2.925055 ] [ viewQUAT_XYZW 1.000000 0.000000 -0.000000 0.000000 ] 
frameTime 4.026068 sysTime 1439414037.400000  eventFlag 0 [ rFoot_XYZ -0.077176 0.133288 -2.644545 ] [ rFootQUAT_XYZW 0.018801 0.965538 0.013260 -0.259242 ] [ lFoot_XYZ 0.183347 0.128722 -2.859575 ] [ lFootQUAT_XYZW -0.009417 0.972249 -0.004986 -0.233706 ] [ glasses_XYZ 0.078326 1.040763 -2.920229 ] [ glassesQUAT_XYZW -0.052750 -0.657670 0.053788 0.749529 ] [ viewPos_XYZ 0.078326 1.040763 -2.920229 ] [ viewQUAT_XYZW 1.000000 0.000000 -0.000000 0.000000 ] 
frameTime 4.043190 sysTime 1439414037.415000  eventFlag 0 [ rFoot_XYZ -0.073631 0.132991 -2.639140 ] [ rFootQUAT_XYZW 0.019613 0.964810 0.012083 -0.261935 ] [ lFoot_XYZ 0.185747 0.128425 -2.856562 ] [ lFootQUAT_XYZW -0.015996 0.970501 -0.000997 -0.240564 ] [ glasses_XYZ 0.079097 1.042495 -2.915912 ] [ glassesQUAT_XYZW -0.049669 -0.666072 0.024911 0.743815 ] [ viewPos_XYZ 0.079097 1.042495 -2.915912 ] [ viewQUAT_XYZW 1.000000 0.000000 -0.000000 0.000000 ] 
frameTime 4.059495 sysTime 1439414037.430000  eventFlag 0 [ rFoot_XYZ -0.071365 0.132759 -2.634779 ] [ rFootQUAT_XYZW 0.023759 0.963764 0.011412 -0.265452 ] [ lFoot_XYZ 0.186889 0.127914 -2.853820 ] [ lFootQUAT_XYZW -0.020361 0.969006 0.000791 -0.246197 ] [ glasses_XYZ 0.079743 1.042993 -2.912298 ] [ glassesQUAT_XYZW -0.044930 -0.664167 0.023555 0.745861 ] [ viewPos_XYZ 0.079743 1.042993 -2.912298 ] [ viewQUAT_XYZW 1.000000 0.000000 -0.000000 0.000000 ] 
frameTime 4.076128 sysTime 1439414037.448000  eventFlag 0 [ rFoot_XYZ -0.069000 0.132682 -2.629856 ] [ rFootQUAT_XYZW 0.020778 0.962829 0.011888 -0.269048 ] [ lFoot_XYZ 0.187034 0.128301 -2.850757 ] [ lFootQUAT_XYZW -0.017077 0.969036 -0.001988 -0.246319 ] [ glasses_XYZ 0.080831 1.043650 -2.908723 ] [ glassesQUAT_XYZW -0.029737 -0.654820 0.033858 0.754440 ] [ viewPos_XYZ 0.080831 1.043650 -2.908723 ] [ viewQUAT_XYZW 1.000000 0.000000 -0.000000 0.000000 ] 
frameTime 4.092809 sysTime 1439414037.464000  eventFlag 0 [ rFoot_XYZ -0.066911 0.132730 -2.624717 ] [ rFootQUAT_XYZW 0.019814 0.961698 0.012784 -0.273095 ] [ lFoot_XYZ 0.188128 0.128260 -2.847558 ] [ lFootQUAT_XYZW -0.013875 0.968285 0.001939 -0.249457 ] [ glasses_XYZ 0.082305 1.044777 -2.905239 ] [ glassesQUAT_XYZW -0.012786 -0.648489 0.035323 0.760297 ] [ viewPos_XYZ 0.082305 1.044777 -2.905239 ] [ viewQUAT_XYZW 1.000000 0.000000 -0.000000 0.000000 ] 
frameTime 4.109453 sysTime 1439414037.483000  eventFlag 0 [ rFoot_XYZ -0.064208 0.132756 -2.620538 ] [ rFootQUAT_XYZW 0.018454 0.960953 0.012466 -0.275813 ] [ lFoot_XYZ 0.189273 0.127925 -2.844666 ] [ lFootQUAT_XYZW -0.012500 0.967836 0.004531 -0.251229 ] [ glasses_XYZ 0.083220 1.046763 -2.903258 ] [ glassesQUAT_XYZW 0.003195 -0.649626 0.019965 0.759985 ] [ viewPos_XYZ 0.083220 1.046763 -2.903258 ] [ viewQUAT_XYZW 1.000000 0.000000 -0.000000 0.000000 ] 
frameTime 4.126204 sysTime 1439414037.498000  eventFlag 0 [ rFoot_XYZ -0.062012 0.132432 -2.616867 ] [ rFootQUAT_XYZW 0.019994 0.960318 0.010992 -0.277974 ] [ lFoot_XYZ 0.190201 0.127715 -2.842072 ] [ lFootQUAT_XYZW -0.011851 0.967263 0.005924 -0.253431 ] [ glasses_XYZ 0.084172 1.047819 -2.900614 ] [ glassesQUAT_XYZW 0.009287 -0.649762 0.013011 0.759969 ] [ viewPos_XYZ 0.084172 1.047819 -2.900614 ] [ viewQUAT_XYZW 1.000000 0.000000 -0.000000 0.000000 ] 
frameTime 4.142741 sysTime 1439414037.514000  eventFlag 0 [ rFoot_XYZ -0.060435 0.132519 -2.613611 ] [ rFootQUAT_XYZW 0.018405 0.959902 0.011433 -0.279497 ] [ lFoot_XYZ 0.190757 0.127594 -2.839522 ] [ lFootQUAT_XYZW -0.012208 0.966863 0.004520 -0.254963 ] [ glasses_XYZ 0.084621 1.044071 -2.895329 ] [ glassesQUAT_XYZW -0.023588 -0.648178 0.026308 0.760668 ] [ viewPos_XYZ 0.084621 1.044071 -2.895329 ] [ viewQUAT_XYZW 1.000000 0.000000 -0.000000 0.000000 ] 
frameTime 4.159520 sysTime 1439414037.533000  eventFlag 0 [ rFoot_XYZ -0.058893 0.132315 -2.610341 ] [ rFootQUAT_XYZW 0.018734 0.958764 0.011788 -0.283341 ] [ lFoot_XYZ 0.191126 0.127661 -2.837670 ] [ lFootQUAT_XYZW -0.009890 0.966939 0.005141 -0.254764 ] [ glasses_XYZ 0.085051 1.042533 -2.891656 ] [ glassesQUAT_XYZW -0.038256 -0.644245 0.039888 0.762820 ] [ viewPos_XYZ 0.085051 1.042533 -2.891656 ] [ viewQUAT_XYZW 1.000000 0.000000 -0.000000 0.000000 ] 
frameTime 4.176321 sysTime 1439414037.548000  eventFlag 0 [ rFoot_XYZ -0.056755 0.132712 -2.606826 ] [ rFootQUAT_XYZW 0.019829 0.958246 0.012236 -0.284996 ] [ lFoot_XYZ 0.192404 0.127737 -2.835307 ] [ lFootQUAT_XYZW -0.009856 0.966052 0.004292 -0.258125 ] [ glasses_XYZ 0.086133 1.045991 -2.891158 ] [ glassesQUAT_XYZW -0.015117 -0.649245 0.005437 0.760410 ] [ viewPos_XYZ 0.086133 1.045991 -2.891158 ] [ viewQUAT_XYZW 1.000000 0.000000 -0.000000 0.000000 ] 
frameTime 4.192753 sysTime 1439414037.567000  eventFlag 0 [ rFoot_XYZ -0.055007 0.132097 -2.604106 ] [ rFootQUAT_XYZW 0.021335 0.957677 0.010473 -0.286864 ] [ lFoot_XYZ 0.193112 0.127438 -2.833269 ] [ lFootQUAT_XYZW -0.010760 0.965634 0.005462 -0.259625 ] [ glasses_XYZ 0.086686 1.044804 -2.888360 ] [ glassesQUAT_XYZW -0.022036 -0.646451 0.014235 0.762504 ] [ viewPos_XYZ 0.086686 1.044804 -2.888360 ] [ viewQUAT_XYZW 1.000000 0.000000 -0.000000 0.000000 ] 
frameTime 4.210773 sysTime 1439414037.582000  eventFlag 0 [ rFoot_XYZ -0.053392 0.132596 -2.600680 ] [ rFootQUAT_XYZW 0.019288 0.957167 0.012025 -0.288644 ] [ lFoot_XYZ 0.194403 0.127257 -2.831069 ] [ lFootQUAT_XYZW -0.014318 0.964396 0.006310 -0.264000 ] [ glasses_XYZ 0.087952 1.048622 -2.888368 ] [ glassesQUAT_XYZW 0.010851 -0.652798 -0.015908 0.757287 ] [ viewPos_XYZ 0.087952 1.048622 -2.888368 ] [ viewQUAT_XYZW 1.000000 0.000000 -0.000000 0.000000 ] 
frameTime 4.226050 sysTime 1439414037.597000  eventFlag 0 [ rFoot_XYZ -0.051892 0.132233 -2.598004 ] [ rFootQUAT_XYZW 0.020572 0.956388 0.010763 -0.291175 ] [ lFoot_XYZ 0.195024 0.127052 -2.829279 ] [ lFootQUAT_XYZW -0.014656 0.964139 0.008149 -0.264866 ] [ glasses_XYZ 0.088522 1.048525 -2.886167 ] [ glassesQUAT_XYZW 0.012876 -0.648225 -0.007038 0.761307 ] [ viewPos_XYZ 0.088522 1.048525 -2.886167 ] [ viewQUAT_XYZW 1.000000 0.000000 -0.000000 0.000000 ] 
frameTime 4.242746 sysTime 1439414037.614000  eventFlag 0 [ rFoot_XYZ -0.050756 0.132705 -2.595746 ] [ rFootQUAT_XYZW 0.018653 0.956196 0.011749 -0.291894 ] [ lFoot_XYZ 0.195943 0.127359 -2.827738 ] [ lFootQUAT_XYZW -0.015990 0.963444 0.007843 -0.267317 ] [ glasses_XYZ 0.089106 1.049039 -2.884348 ] [ glassesQUAT_XYZW 0.019855 -0.646975 -0.008149 0.762209 ] [ viewPos_XYZ 0.089106 1.049039 -2.884348 ] [ viewQUAT_XYZW 1.000000 0.000000 -0.000000 0.000000 ] 
frameTime 4.259424 sysTime 1439414037.630000  eventFlag 0 [ rFoot_XYZ -0.048902 0.132319 -2.593385 ] [ rFootQUAT_XYZW 0.018892 0.956178 0.010238 -0.291995 ] [ lFoot_XYZ 0.196613 0.127492 -2.826219 ] [ lFootQUAT_XYZW -0.013014 0.963331 0.007308 -0.267900 ] [ glasses_XYZ 0.089169 1.048020 -2.881038 ] [ glassesQUAT_XYZW 0.022621 -0.638717 0.006503 0.769082 ] [ viewPos_XYZ 0.089169 1.048020 -2.881038 ] [ viewQUAT_XYZW 1.000000 0.000000 -0.000000 0.000000 ] 
frameTime 4.276074 sysTime 1439414037.647000  eventFlag 0 [ rFoot_XYZ -0.047078 0.132511 -2.590722 ] [ rFootQUAT_XYZW 0.019689 0.955716 0.008917 -0.293497 ] [ lFoot_XYZ 0.197291 0.127909 -2.824492 ] [ lFootQUAT_XYZW -0.011439 0.962833 0.004007 -0.269827 ] [ glasses_XYZ 0.089332 1.043720 -2.876969 ] [ glassesQUAT_XYZW -0.007198 -0.628373 0.042094 0.776739 ] [ viewPos_XYZ 0.089332 1.043720 -2.876969 ] [ viewQUAT_XYZW 1.000000 0.000000 -0.000000 0.000000 ] 
frameTime 4.292814 sysTime 1439414037.667000  eventFlag 0 [ rFoot_XYZ -0.046599 0.132489 -2.588702 ] [ rFootQUAT_XYZW 0.017050 0.954762 0.010116 -0.296709 ] [ lFoot_XYZ 0.197789 0.127460 -2.822385 ] [ lFootQUAT_XYZW -0.012434 0.962478 0.006587 -0.270993 ] [ glasses_XYZ 0.090163 1.042506 -2.874315 ] [ glassesQUAT_XYZW -0.025082 -0.627946 0.051348 0.776156 ] [ viewPos_XYZ 0.090163 1.042506 -2.874315 ] [ viewQUAT_XYZW 1.000000 0.000000 -0.000000 0.000000 ] 
frameTime 4.309636 sysTime 1439414037.681000  eventFlag 0 [ rFoot_XYZ -0.045291 0.132841 -2.586080 ] [ rFootQUAT_XYZW 0.019310 0.954537 0.009662 -0.297310 ] [ lFoot_XYZ 0.198669 0.126932 -2.820198 ] [ lFootQUAT_XYZW -0.015187 0.961650 0.008274 -0.273733 ] [ glasses_XYZ 0.090756 1.042109 -2.872546 ] [ glassesQUAT_XYZW -0.028710 -0.628415 0.048558 0.775830 ] [ viewPos_XYZ 0.090756 1.042109 -2.872546 ] [ viewQUAT_XYZW 1.000000 0.000000 -0.000000 0.000000 ] 
frameTime 4.326056 sysTime 1439414037.693000  eventFlag 6 [ rFoot_XYZ -0.044632 0.132820 -2.584176 ] [ rFootQUAT_XYZW 0.015161 0.953427 0.011345 -0.301028 ] [ lFoot_XYZ 0.198901 0.127159 -2.818576 ] [ lFootQUAT_XYZW -0.014113 0.961915 0.007593 -0.272879 ] [ glasses_XYZ 0.091735 1.042724 -2.870995 ] [ glassesQUAT_XYZW -0.023323 -0.626912 0.047030 0.777319 ] [ viewPos_XYZ 0.091735 1.042724 -2.870995 ] [ viewQUAT_XYZW 1.000000 0.000000 -0.000000 0.000000 ] 
