legLengthCM 10.000000 maxTrialDuration 1.000000 numBlocks 1.000000 mocapRefresh 960.000000 mocapInterp 0.000000 mocapPostProcess 0.000000 
frameTime 3.562424 sysTime 1439418251.011000  eventFlag 1  trialType t2 [ obstacle_XYZ 0.000000 0.000000 0.156174 ]  obstacleHeight 0.025000  isWalkingDownAxis 0  trialNum 0 [ rFoot_XYZ -0.225123 0.123745 -2.734494 ] [ rFootQUAT_XYZW 0.108808 0.993733 -0.012853 -0.022156 ] [ lFoot_XYZ 0.101796 0.124554 -2.754717 ] [ lFootQUAT_XYZW -0.004898 0.997205 0.013575 0.073301 ] [ glasses_XYZ 0.082255 1.039345 -2.864058 ] [ glassesQUAT_XYZW -0.088891 -0.786748 0.031813 0.610011 ] [ viewPos_XYZ 0.082255 1.039345 -2.864058 ] [ viewQUAT_XYZW 1.000000 0.000000 -0.000000 0.000000 ] 
frameTime 3.579150 sysTime 1439418251.027000  eventFlag 0 [ rFoot_XYZ -0.225702 0.124329 -2.725400 ] [ rFootQUAT_XYZW 0.102085 0.994458 -0.010804 -0.022679 ] [ lFoot_XYZ 0.101136 0.123445 -2.745065 ] [ lFootQUAT_XYZW -0.016175 0.997258 0.016636 0.070279 ] [ glasses_XYZ 0.081734 1.040409 -2.856224 ] [ glassesQUAT_XYZW -0.076703 -0.790531 0.022370 0.607188 ] [ viewPos_XYZ 0.081734 1.040409 -2.856224 ] [ viewQUAT_XYZW 1.000000 0.000000 -0.000000 0.000000 ] 
frameTime 3.595734 sysTime 1439418251.047000  eventFlag 0 [ rFoot_XYZ -0.226782 0.124334 -2.716399 ] [ rFootQUAT_XYZW 0.100428 0.994593 -0.011281 -0.023917 ] [ lFoot_XYZ 0.100518 0.123011 -2.735875 ] [ lFootQUAT_XYZW -0.017344 0.997272 0.018225 0.069387 ] [ glasses_XYZ 0.081974 1.040236 -2.847008 ] [ glassesQUAT_XYZW -0.076762 -0.789639 0.028063 0.608104 ] [ viewPos_XYZ 0.081974 1.040236 -2.847008 ] [ viewQUAT_XYZW 1.000000 0.000000 -0.000000 0.000000 ] 
frameTime 3.612621 sysTime 1439418251.063000  eventFlag 0 [ rFoot_XYZ -0.226956 0.124958 -2.707962 ] [ rFootQUAT_XYZW 0.095563 0.995100 -0.009279 -0.023631 ] [ lFoot_XYZ 0.099995 0.123720 -2.727354 ] [ lFootQUAT_XYZW -0.015446 0.997472 0.015909 0.067508 ] [ glasses_XYZ 0.081759 1.039856 -2.837524 ] [ glassesQUAT_XYZW -0.082274 -0.788405 0.030551 0.608864 ] [ viewPos_XYZ 0.081759 1.039856 -2.837524 ] [ viewQUAT_XYZW 1.000000 0.000000 -0.000000 0.000000 ] 
frameTime 3.629090 sysTime 1439418251.080000  eventFlag 0 [ rFoot_XYZ -0.227617 0.124813 -2.699788 ] [ rFootQUAT_XYZW 0.096217 0.994984 -0.010070 -0.025437 ] [ lFoot_XYZ 0.099623 0.122977 -2.718760 ] [ lFootQUAT_XYZW -0.017901 0.997440 0.017644 0.066952 ] [ glasses_XYZ 0.081478 1.039412 -2.828315 ] [ glassesQUAT_XYZW -0.089401 -0.788090 0.032643 0.608158 ] [ viewPos_XYZ 0.081478 1.039412 -2.828315 ] [ viewQUAT_XYZW 1.000000 0.000000 -0.000000 0.000000 ] 
frameTime 3.645706 sysTime 1439418251.094000  eventFlag 0 [ rFoot_XYZ -0.229514 0.123814 -2.692539 ] [ rFootQUAT_XYZW 0.102992 0.994095 -0.013255 -0.031510 ] [ lFoot_XYZ 0.098896 0.122842 -2.710412 ] [ lFootQUAT_XYZW -0.014992 0.997309 0.017795 0.069522 ] [ glasses_XYZ 0.080736 1.039124 -2.819870 ] [ glassesQUAT_XYZW -0.091966 -0.789024 0.030415 0.606678 ] [ viewPos_XYZ 0.080736 1.039124 -2.819870 ] [ viewQUAT_XYZW 1.000000 0.000000 -0.000000 0.000000 ] 
frameTime 3.662446 sysTime 1439418251.114000  eventFlag 0 [ rFoot_XYZ -0.229004 0.124443 -2.684076 ] [ rFootQUAT_XYZW 0.102294 0.994297 -0.010138 -0.028417 ] [ lFoot_XYZ 0.098284 0.123222 -2.702185 ] [ lFootQUAT_XYZW -0.014072 0.997355 0.016474 0.069375 ] [ glasses_XYZ 0.080459 1.038749 -2.811373 ] [ glassesQUAT_XYZW -0.096434 -0.788184 0.033780 0.606898 ] [ viewPos_XYZ 0.080459 1.038749 -2.811373 ] [ viewQUAT_XYZW 1.000000 0.000000 -0.000000 0.000000 ] 
frameTime 3.679689 sysTime 1439418251.128000  eventFlag 0 [ rFoot_XYZ -0.228300 0.125545 -2.674599 ] [ rFootQUAT_XYZW 0.091162 0.995516 -0.006312 -0.024455 ] [ lFoot_XYZ 0.097967 0.124525 -2.692935 ] [ lFootQUAT_XYZW -0.006399 0.997613 0.010886 0.067895 ] [ glasses_XYZ 0.079969 1.038751 -2.802374 ] [ glassesQUAT_XYZW -0.099579 -0.787599 0.034332 0.607119 ] [ viewPos_XYZ 0.079969 1.038751 -2.802374 ] [ viewQUAT_XYZW 1.000000 0.000000 -0.000000 0.000000 ] 
frameTime 3.695746 sysTime 1439418251.144000  eventFlag 0 [ rFoot_XYZ -0.228895 0.125618 -2.668173 ] [ rFootQUAT_XYZW 0.089111 0.995630 -0.007280 -0.026966 ] [ lFoot_XYZ 0.098040 0.125164 -2.686212 ] [ lFootQUAT_XYZW -0.003024 0.997704 0.008689 0.067098 ] [ glasses_XYZ 0.079919 1.038939 -2.795447 ] [ glassesQUAT_XYZW -0.098332 -0.788826 0.032674 0.605818 ] [ viewPos_XYZ 0.079919 1.038939 -2.795447 ] [ viewQUAT_XYZW 1.000000 0.000000 -0.000000 0.000000 ] 
frameTime 3.712425 sysTime 1439418251.164000  eventFlag 0 [ rFoot_XYZ -0.228656 0.126165 -2.660885 ] [ rFootQUAT_XYZW 0.085286 0.996021 -0.004794 -0.025407 ] [ lFoot_XYZ 0.098231 0.126155 -2.678986 ] [ lFootQUAT_XYZW -0.001099 0.997758 0.006545 0.066600 ] [ glasses_XYZ 0.080142 1.038881 -2.787961 ] [ glassesQUAT_XYZW -0.098616 -0.789432 0.031918 0.605024 ] [ viewPos_XYZ 0.080142 1.038881 -2.787961 ] [ viewQUAT_XYZW 1.000000 0.000000 -0.000000 0.000000 ] 
frameTime 3.729071 sysTime 1439418251.177000  eventFlag 0 [ rFoot_XYZ -0.229669 0.125899 -2.654155 ] [ rFootQUAT_XYZW 0.088992 0.995641 -0.005968 -0.027290 ] [ lFoot_XYZ 0.097472 0.125489 -2.671435 ] [ lFootQUAT_XYZW -0.000570 0.997578 0.008726 0.069002 ] [ glasses_XYZ 0.080185 1.038822 -2.780632 ] [ glassesQUAT_XYZW -0.098851 -0.790167 0.030939 0.604075 ] [ viewPos_XYZ 0.080185 1.038822 -2.780632 ] [ viewQUAT_XYZW 1.000000 0.000000 -0.000000 0.000000 ] 
frameTime 3.745766 sysTime 1439418251.194000  eventFlag 0 [ rFoot_XYZ -0.229817 0.125731 -2.647068 ] [ rFootQUAT_XYZW 0.090438 0.995554 -0.007657 -0.025183 ] [ lFoot_XYZ 0.096927 0.125272 -2.664313 ] [ lFootQUAT_XYZW -0.000219 0.997455 0.009871 0.070614 ] [ glasses_XYZ 0.080273 1.038621 -2.773751 ] [ glassesQUAT_XYZW -0.098956 -0.791024 0.035101 0.602708 ] [ viewPos_XYZ 0.080273 1.038621 -2.773751 ] [ viewQUAT_XYZW 1.000000 0.000000 -0.000000 0.000000 ] 
frameTime 3.762453 sysTime 1439418251.211000  eventFlag 0 [ rFoot_XYZ -0.230396 0.126066 -2.640875 ] [ rFootQUAT_XYZW 0.086937 0.995860 -0.005681 -0.025930 ] [ lFoot_XYZ 0.096477 0.125114 -2.657217 ] [ lFootQUAT_XYZW -0.002519 0.997460 0.009040 0.070609 ] [ glasses_XYZ 0.080383 1.038243 -2.766903 ] [ glassesQUAT_XYZW -0.099507 -0.792024 0.038424 0.601099 ] [ viewPos_XYZ 0.080383 1.038243 -2.766903 ] [ viewQUAT_XYZW 1.000000 0.000000 -0.000000 0.000000 ] 
frameTime 3.779058 sysTime 1439418251.227000  eventFlag 0 [ rFoot_XYZ -0.230727 0.125887 -2.634619 ] [ rFootQUAT_XYZW 0.087669 0.995809 -0.006099 -0.025325 ] [ lFoot_XYZ 0.096057 0.124948 -2.650506 ] [ lFootQUAT_XYZW -0.002192 0.997398 0.010021 0.071354 ] [ glasses_XYZ 0.080461 1.038213 -2.760396 ] [ glassesQUAT_XYZW -0.096786 -0.791717 0.035090 0.602151 ] [ viewPos_XYZ 0.080461 1.038213 -2.760396 ] [ viewQUAT_XYZW 1.000000 0.000000 -0.000000 0.000000 ] 
frameTime 3.795729 sysTime 1439418251.244000  eventFlag 0 [ rFoot_XYZ -0.231273 0.126368 -2.628968 ] [ rFootQUAT_XYZW 0.083014 0.996195 -0.004578 -0.026121 ] [ lFoot_XYZ 0.095659 0.124667 -2.644216 ] [ lFootQUAT_XYZW -0.003606 0.997399 0.009214 0.071392 ] [ glasses_XYZ 0.080233 1.038284 -2.753891 ] [ glassesQUAT_XYZW -0.095499 -0.793639 0.033216 0.599929 ] [ viewPos_XYZ 0.080233 1.038284 -2.753891 ] [ viewQUAT_XYZW 1.000000 0.000000 -0.000000 0.000000 ] 
frameTime 3.812417 sysTime 1439418251.261000  eventFlag 0 [ rFoot_XYZ -0.231637 0.126132 -2.622639 ] [ rFootQUAT_XYZW 0.084926 0.996056 -0.005710 -0.025036 ] [ lFoot_XYZ 0.094897 0.124397 -2.637269 ] [ lFootQUAT_XYZW -0.001574 0.997363 0.008797 0.072019 ] [ glasses_XYZ 0.080192 1.038764 -2.746850 ] [ glassesQUAT_XYZW -0.092870 -0.792856 0.035248 0.601259 ] [ viewPos_XYZ 0.080192 1.038764 -2.746850 ] [ viewQUAT_XYZW 1.000000 0.000000 -0.000000 0.000000 ] 
frameTime 3.829048 sysTime 1439418251.277000  eventFlag 0 [ rFoot_XYZ -0.231705 0.126494 -2.617878 ] [ rFootQUAT_XYZW 0.082167 0.996296 -0.003815 -0.025074 ] [ lFoot_XYZ 0.094487 0.124334 -2.631943 ] [ lFootQUAT_XYZW -0.001203 0.997400 0.006725 0.071746 ] [ glasses_XYZ 0.080109 1.037660 -2.741360 ] [ glassesQUAT_XYZW -0.101102 -0.794003 0.033302 0.598522 ] [ viewPos_XYZ 0.080109 1.037660 -2.741360 ] [ viewQUAT_XYZW 1.000000 0.000000 -0.000000 0.000000 ] 
frameTime 3.845736 sysTime 1439418251.297000  eventFlag 0 [ rFoot_XYZ -0.232342 0.126617 -2.612499 ] [ rFootQUAT_XYZW 0.083417 0.996216 -0.004090 -0.024048 ] [ lFoot_XYZ 0.094258 0.124548 -2.626333 ] [ lFootQUAT_XYZW -0.001010 0.997202 0.008329 0.074279 ] [ glasses_XYZ 0.080650 1.038509 -2.736625 ] [ glassesQUAT_XYZW -0.092705 -0.794494 0.034840 0.599142 ] [ viewPos_XYZ 0.080650 1.038509 -2.736625 ] [ viewQUAT_XYZW 1.000000 0.000000 -0.000000 0.000000 ] 
frameTime 3.862519 sysTime 1439418251.314000  eventFlag 0 [ rFoot_XYZ -0.232391 0.126812 -2.607313 ] [ rFootQUAT_XYZW 0.080623 0.996478 -0.003654 -0.022749 ] [ lFoot_XYZ 0.094577 0.124764 -2.620892 ] [ lFootQUAT_XYZW -0.001999 0.997214 0.008516 0.074075 ] [ glasses_XYZ 0.080861 1.037518 -2.731185 ] [ glassesQUAT_XYZW -0.099043 -0.794479 0.034366 0.598174 ] [ viewPos_XYZ 0.080861 1.037518 -2.731185 ] [ viewQUAT_XYZW 1.000000 0.000000 -0.000000 0.000000 ] 
frameTime 3.879544 sysTime 1439418251.331000  eventFlag 0 [ rFoot_XYZ -0.232757 0.126824 -2.602265 ] [ rFootQUAT_XYZW 0.079972 0.996508 -0.003592 -0.023752 ] [ lFoot_XYZ 0.094577 0.125348 -2.615480 ] [ lFootQUAT_XYZW 0.003374 0.997001 0.009144 0.076775 ] [ glasses_XYZ 0.080347 1.037764 -2.725121 ] [ glassesQUAT_XYZW -0.099624 -0.794515 0.037297 0.597855 ] [ viewPos_XYZ 0.080347 1.037764 -2.725121 ] [ viewQUAT_XYZW 1.000000 0.000000 -0.000000 0.000000 ] 
frameTime 3.895809 sysTime 1439418251.347000  eventFlag 0 [ rFoot_XYZ -0.232825 0.126931 -2.598782 ] [ rFootQUAT_XYZW 0.078524 0.996649 -0.001858 -0.022835 ] [ lFoot_XYZ 0.093892 0.124967 -2.611059 ] [ lFootQUAT_XYZW 0.003578 0.997093 0.011573 0.075224 ] [ glasses_XYZ 0.080204 1.038147 -2.721184 ] [ glassesQUAT_XYZW -0.094176 -0.796310 0.030464 0.596736 ] [ viewPos_XYZ 0.080204 1.038147 -2.721184 ] [ viewQUAT_XYZW 1.000000 0.000000 -0.000000 0.000000 ] 
frameTime 3.912432 sysTime 1439418251.360000  eventFlag 0 [ rFoot_XYZ -0.233244 0.126915 -2.594837 ] [ rFootQUAT_XYZW 0.078129 0.996669 -0.002414 -0.023237 ] [ lFoot_XYZ 0.093369 0.124724 -2.606741 ] [ lFootQUAT_XYZW 0.003170 0.996924 0.011694 0.077435 ] [ glasses_XYZ 0.080148 1.038389 -2.716676 ] [ glassesQUAT_XYZW -0.088651 -0.797219 0.027088 0.596531 ] [ viewPos_XYZ 0.080148 1.038389 -2.716676 ] [ viewQUAT_XYZW 1.000000 0.000000 -0.000000 0.000000 ] 
frameTime 3.929057 sysTime 1439418251.377000  eventFlag 0 [ rFoot_XYZ -0.235103 0.125694 -2.592173 ] [ rFootQUAT_XYZW 0.087338 0.995752 -0.005646 -0.028612 ] [ lFoot_XYZ 0.093392 0.124850 -2.602050 ] [ lFootQUAT_XYZW 0.001786 0.996955 0.009785 0.077347 ] [ glasses_XYZ 0.079901 1.038461 -2.712353 ] [ glassesQUAT_XYZW -0.087984 -0.798336 0.026149 0.595176 ] [ viewPos_XYZ 0.079901 1.038461 -2.712353 ] [ viewQUAT_XYZW 1.000000 0.000000 -0.000000 0.000000 ] 
frameTime 3.945777 sysTime 1439418251.394000  eventFlag 0 [ rFoot_XYZ -0.234599 0.126341 -2.588048 ] [ rFootQUAT_XYZW 0.085893 0.996017 -0.003351 -0.023709 ] [ lFoot_XYZ 0.093169 0.124770 -2.597777 ] [ lFootQUAT_XYZW -0.000885 0.996967 0.009276 0.077260 ] [ glasses_XYZ 0.079940 1.038843 -2.708451 ] [ glassesQUAT_XYZW -0.086351 -0.799428 0.029211 0.593806 ] [ viewPos_XYZ 0.079940 1.038843 -2.708451 ] [ viewQUAT_XYZW 1.000000 0.000000 -0.000000 0.000000 ] 
frameTime 3.962427 sysTime 1439418251.410000  eventFlag 0 [ rFoot_XYZ -0.233897 0.127150 -2.584364 ] [ rFootQUAT_XYZW 0.076023 0.996894 -0.000768 -0.020544 ] [ lFoot_XYZ 0.092182 0.123789 -2.595023 ] [ lFootQUAT_XYZW -0.001095 0.996365 0.015370 0.083779 ] [ glasses_XYZ 0.079957 1.038600 -2.705037 ] [ glassesQUAT_XYZW -0.087046 -0.799196 0.029399 0.594007 ] [ viewPos_XYZ 0.079957 1.038600 -2.705037 ] [ viewQUAT_XYZW 1.000000 0.000000 -0.000000 0.000000 ] 
frameTime 3.979132 sysTime 1439418251.428000  eventFlag 0 [ rFoot_XYZ -0.233763 0.127157 -2.581229 ] [ rFootQUAT_XYZW 0.075701 0.996924 -0.001394 -0.020243 ] [ lFoot_XYZ 0.092266 0.123816 -2.590695 ] [ lFootQUAT_XYZW -0.005074 0.996602 0.012105 0.081311 ] [ glasses_XYZ 0.080271 1.037875 -2.700773 ] [ glassesQUAT_XYZW -0.091123 -0.798181 0.031994 0.594625 ] [ viewPos_XYZ 0.080271 1.037875 -2.700773 ] [ viewQUAT_XYZW 1.000000 0.000000 -0.000000 0.000000 ] 
frameTime 3.995695 sysTime 1439418251.444000  eventFlag 0 [ rFoot_XYZ -0.233704 0.127325 -2.578859 ] [ rFootQUAT_XYZW 0.073969 0.997084 -0.000279 -0.018754 ] [ lFoot_XYZ 0.091380 0.122940 -2.588987 ] [ lFootQUAT_XYZW -0.005464 0.996021 0.017598 0.087198 ] [ glasses_XYZ 0.079928 1.038144 -2.698102 ] [ glassesQUAT_XYZW -0.088909 -0.799265 0.029921 0.593613 ] [ viewPos_XYZ 0.079928 1.038144 -2.698102 ] [ viewQUAT_XYZW 1.000000 0.000000 -0.000000 0.000000 ] 
frameTime 4.012355 sysTime 1439418251.461000  eventFlag 0 [ rFoot_XYZ -0.234253 0.127115 -2.576458 ] [ rFootQUAT_XYZW 0.075160 0.996973 -0.000784 -0.019856 ] [ lFoot_XYZ 0.091556 0.122954 -2.585789 ] [ lFootQUAT_XYZW -0.007907 0.996190 0.015285 0.085493 ] [ glasses_XYZ 0.079648 1.037981 -2.695186 ] [ glassesQUAT_XYZW -0.091794 -0.800947 0.026776 0.591050 ] [ viewPos_XYZ 0.079648 1.037981 -2.695186 ] [ viewQUAT_XYZW 1.000000 0.000000 -0.000000 0.000000 ] 
frameTime 4.029054 sysTime 1439418251.477000  eventFlag 0 [ rFoot_XYZ -0.234253 0.126984 -2.574043 ] [ rFootQUAT_XYZW 0.076634 0.996900 -0.002156 -0.017713 ] [ lFoot_XYZ 0.091285 0.122866 -2.582917 ] [ lFootQUAT_XYZW -0.008561 0.996034 0.016064 0.087086 ] [ glasses_XYZ 0.079589 1.037929 -2.692625 ] [ glassesQUAT_XYZW -0.095187 -0.801335 0.025841 0.590029 ] [ viewPos_XYZ 0.079589 1.037929 -2.692625 ] [ viewQUAT_XYZW 1.000000 0.000000 -0.000000 0.000000 ] 
frameTime 4.045755 sysTime 1439418251.496000  eventFlag 0 [ rFoot_XYZ -0.234573 0.127281 -2.572368 ] [ rFootQUAT_XYZW 0.074872 0.997025 -0.000625 -0.018281 ] [ lFoot_XYZ 0.090756 0.122488 -2.582440 ] [ lFootQUAT_XYZW -0.010591 0.995076 0.020891 0.096304 ] [ glasses_XYZ 0.080377 1.037550 -2.690419 ] [ glassesQUAT_XYZW -0.098913 -0.800363 0.029879 0.590544 ] [ viewPos_XYZ 0.080377 1.037550 -2.690419 ] [ viewQUAT_XYZW 1.000000 0.000000 -0.000000 0.000000 ] 
frameTime 4.062416 sysTime 1439418251.511000  eventFlag 0 [ rFoot_XYZ -0.234542 0.127083 -2.570755 ] [ rFootQUAT_XYZW 0.075353 0.996988 -0.001396 -0.018278 ] [ lFoot_XYZ 0.091644 0.123342 -2.580015 ] [ lFootQUAT_XYZW -0.012775 0.995259 0.015934 0.095089 ] [ glasses_XYZ 0.080351 1.038027 -2.688255 ] [ glassesQUAT_XYZW -0.095734 -0.801102 0.030514 0.590033 ] [ viewPos_XYZ 0.080351 1.038027 -2.688255 ] [ viewQUAT_XYZW 1.000000 0.000000 -0.000000 0.000000 ] 
frameTime 4.079106 sysTime 1439418251.528000  eventFlag 0 [ rFoot_XYZ -0.234400 0.127266 -2.569444 ] [ rFootQUAT_XYZW 0.074354 0.997066 -0.000122 -0.018199 ] [ lFoot_XYZ 0.091609 0.123431 -2.578380 ] [ lFootQUAT_XYZW -0.013314 0.995497 0.014244 0.092765 ] [ glasses_XYZ 0.079890 1.037830 -2.686519 ] [ glassesQUAT_XYZW -0.096681 -0.801343 0.030737 0.589541 ] [ viewPos_XYZ 0.079890 1.037830 -2.686519 ] [ viewQUAT_XYZW 1.000000 0.000000 -0.000000 0.000000 ] 
frameTime 4.095731 sysTime 1439418251.548000  eventFlag 0 [ rFoot_XYZ -0.234544 0.127220 -2.568399 ] [ rFootQUAT_XYZW 0.075394 0.996972 0.000011 -0.019025 ] [ lFoot_XYZ 0.091492 0.123295 -2.577463 ] [ lFootQUAT_XYZW -0.012478 0.995338 0.015780 0.094329 ] [ glasses_XYZ 0.079776 1.038016 -2.685382 ] [ glassesQUAT_XYZW -0.095810 -0.800611 0.031421 0.590640 ] [ viewPos_XYZ 0.079776 1.038016 -2.685382 ] [ viewQUAT_XYZW 1.000000 0.000000 -0.000000 0.000000 ] 
frameTime 4.112708 sysTime 1439418251.561000  eventFlag 0 [ rFoot_XYZ -0.234497 0.127125 -2.567267 ] [ rFootQUAT_XYZW 0.074680 0.997040 0.000061 -0.018293 ] [ lFoot_XYZ 0.091165 0.123211 -2.576344 ] [ lFootQUAT_XYZW -0.012507 0.995430 0.015767 0.093348 ] [ glasses_XYZ 0.079397 1.037812 -2.684458 ] [ glassesQUAT_XYZW -0.100224 -0.801698 0.029868 0.588509 ] [ viewPos_XYZ 0.079397 1.037812 -2.684458 ] [ viewQUAT_XYZW 1.000000 0.000000 -0.000000 0.000000 ] 
frameTime 4.129069 sysTime 1439418251.579000  eventFlag 0 [ rFoot_XYZ -0.234758 0.127145 -2.566713 ] [ rFootQUAT_XYZW 0.073479 0.997104 0.000024 -0.019582 ] [ lFoot_XYZ 0.090321 0.122318 -2.576530 ] [ lFootQUAT_XYZW -0.010558 0.994769 0.022365 0.099110 ] [ glasses_XYZ 0.079834 1.038449 -2.684290 ] [ glassesQUAT_XYZW -0.093810 -0.800722 0.032754 0.590738 ] [ viewPos_XYZ 0.079834 1.038449 -2.684290 ] [ viewQUAT_XYZW 1.000000 0.000000 -0.000000 0.000000 ] 
frameTime 4.145701 sysTime 1439418251.594000  eventFlag 0 [ rFoot_XYZ -0.234819 0.127064 -2.566894 ] [ rFootQUAT_XYZW 0.076425 0.996861 0.000222 -0.020658 ] [ lFoot_XYZ 0.091085 0.122981 -2.575461 ] [ lFootQUAT_XYZW -0.013928 0.995393 0.015987 0.093508 ] [ glasses_XYZ 0.080630 1.041314 -2.686105 ] [ glassesQUAT_XYZW -0.065193 -0.807286 0.008854 0.586481 ] [ viewPos_XYZ 0.080630 1.041314 -2.686105 ] [ viewQUAT_XYZW 1.000000 0.000000 -0.000000 0.000000 ] 
frameTime 4.162402 sysTime 1439418251.610000  eventFlag 0 [ rFoot_XYZ -0.234628 0.126917 -2.566764 ] [ rFootQUAT_XYZW 0.077714 0.996749 0.000116 -0.021237 ] [ lFoot_XYZ 0.091143 0.123006 -2.575651 ] [ lFootQUAT_XYZW -0.012553 0.995291 0.017309 0.094548 ] [ glasses_XYZ 0.080330 1.040934 -2.685165 ] [ glassesQUAT_XYZW -0.065250 -0.807123 0.011448 0.586655 ] [ viewPos_XYZ 0.080330 1.040934 -2.685165 ] [ viewQUAT_XYZW 1.000000 0.000000 -0.000000 0.000000 ] 
frameTime 4.179069 sysTime 1439418251.627000  eventFlag 0 [ rFoot_XYZ -0.234268 0.126947 -2.566509 ] [ rFootQUAT_XYZW 0.076613 0.996864 0.000356 -0.019790 ] [ lFoot_XYZ 0.091154 0.122809 -2.575638 ] [ lFootQUAT_XYZW -0.013940 0.995346 0.017983 0.093644 ] [ glasses_XYZ 0.080181 1.039491 -2.684253 ] [ glassesQUAT_XYZW -0.078508 -0.803898 0.022471 0.589134 ] [ viewPos_XYZ 0.080181 1.039491 -2.684253 ] [ viewQUAT_XYZW 1.000000 0.000000 -0.000000 0.000000 ] 
frameTime 4.195724 sysTime 1439418251.644000  eventFlag 0 [ rFoot_XYZ -0.234340 0.127090 -2.566271 ] [ rFootQUAT_XYZW 0.075185 0.996979 -0.000004 -0.019520 ] [ lFoot_XYZ 0.090894 0.122796 -2.575697 ] [ lFootQUAT_XYZW -0.014127 0.995355 0.016828 0.093731 ] [ glasses_XYZ 0.079725 1.038268 -2.683870 ] [ glassesQUAT_XYZW -0.094280 -0.800839 0.032450 0.590521 ] [ viewPos_XYZ 0.079725 1.038268 -2.683870 ] [ viewQUAT_XYZW 1.000000 0.000000 -0.000000 0.000000 ] 
frameTime 4.212404 sysTime 1439418251.660000  eventFlag 0 [ rFoot_XYZ -0.234108 0.127244 -2.566389 ] [ rFootQUAT_XYZW 0.074665 0.997038 0.000594 -0.018455 ] [ lFoot_XYZ 0.090185 0.122140 -2.576750 ] [ lFootQUAT_XYZW -0.012427 0.994826 0.022451 0.098295 ] [ glasses_XYZ 0.079381 1.037892 -2.684041 ] [ glassesQUAT_XYZW -0.100523 -0.800116 0.033311 0.590423 ] [ viewPos_XYZ 0.079381 1.037892 -2.684041 ] [ viewQUAT_XYZW 1.000000 0.000000 -0.000000 0.000000 ] 
frameTime 4.229080 sysTime 1439418251.691000  eventFlag 0 [ rFoot_XYZ -0.234205 0.127165 -2.566654 ] [ rFootQUAT_XYZW 0.075016 0.996982 0.000230 -0.020005 ] [ lFoot_XYZ 0.090266 0.122234 -2.576688 ] [ lFootQUAT_XYZW -0.013407 0.994972 0.020655 0.097075 ] [ glasses_XYZ 0.079508 1.037558 -2.683998 ] [ glassesQUAT_XYZW -0.104360 -0.799750 0.034407 0.590190 ] [ viewPos_XYZ 0.079508 1.037558 -2.683998 ] [ viewQUAT_XYZW 1.000000 0.000000 -0.000000 0.000000 ] 
frameTime 4.256156 sysTime 1439418251.702000  eventFlag 0 [ rFoot_XYZ -0.234761 0.126972 -2.567565 ] [ rFootQUAT_XYZW 0.076670 0.996801 0.000592 -0.022579 ] [ lFoot_XYZ 0.090193 0.121786 -2.577541 ] [ lFootQUAT_XYZW -0.018373 0.994591 0.025582 0.098983 ] [ glasses_XYZ 0.079550 1.036973 -2.684064 ] [ glassesQUAT_XYZW -0.106803 -0.799473 0.032757 0.590223 ] [ viewPos_XYZ 0.079550 1.036973 -2.684064 ] [ viewQUAT_XYZW 1.000000 0.000000 -0.000000 0.000000 ] 
frameTime 4.270751 sysTime 1439418251.722000  eventFlag 0 [ rFoot_XYZ -0.235050 0.126916 -2.567797 ] [ rFootQUAT_XYZW 0.077433 0.996707 0.000572 -0.024063 ] [ lFoot_XYZ 0.090238 0.121595 -2.577614 ] [ lFootQUAT_XYZW -0.020539 0.994348 0.026304 0.100786 ] [ glasses_XYZ 0.079481 1.037645 -2.684653 ] [ glassesQUAT_XYZW -0.100911 -0.800274 0.032593 0.590183 ] [ viewPos_XYZ 0.079481 1.037645 -2.684653 ] [ viewQUAT_XYZW 1.000000 0.000000 -0.000000 0.000000 ] 
frameTime 4.287385 sysTime 1439418251.735000  eventFlag 0 [ rFoot_XYZ -0.234729 0.126938 -2.567590 ] [ rFootQUAT_XYZW 0.076823 0.996793 0.000620 -0.022376 ] [ lFoot_XYZ 0.090105 0.121275 -2.577450 ] [ lFootQUAT_XYZW -0.022972 0.994497 0.026296 0.098772 ] [ glasses_XYZ 0.079713 1.037091 -2.684555 ] [ glassesQUAT_XYZW -0.103828 -0.799698 0.032473 0.590465 ] [ viewPos_XYZ 0.079713 1.037091 -2.684555 ] [ viewQUAT_XYZW 1.000000 0.000000 -0.000000 0.000000 ] 
frameTime 4.304032 sysTime 1439418251.752000  eventFlag 0 [ rFoot_XYZ -0.234748 0.126983 -2.567621 ] [ rFootQUAT_XYZW 0.076577 0.996809 0.000293 -0.022547 ] [ lFoot_XYZ 0.090437 0.121584 -2.577616 ] [ lFootQUAT_XYZW -0.023358 0.994367 0.027237 0.099733 ] [ glasses_XYZ 0.079771 1.037760 -2.684808 ] [ glassesQUAT_XYZW -0.099205 -0.800169 0.032877 0.590599 ] [ viewPos_XYZ 0.079771 1.037760 -2.684808 ] [ viewQUAT_XYZW 1.000000 0.000000 -0.000000 0.000000 ] 
frameTime 4.320765 sysTime 1439418251.769000  eventFlag 0 [ rFoot_XYZ -0.234450 0.127050 -2.567502 ] [ rFootQUAT_XYZW 0.076050 0.996881 0.000663 -0.021066 ] [ lFoot_XYZ 0.090338 0.121183 -2.577532 ] [ lFootQUAT_XYZW -0.025853 0.994475 0.026879 0.098128 ] [ glasses_XYZ 0.079857 1.037367 -2.684470 ] [ glassesQUAT_XYZW -0.101151 -0.800112 0.032708 0.590356 ] [ viewPos_XYZ 0.079857 1.037367 -2.684470 ] [ viewQUAT_XYZW 1.000000 0.000000 -0.000000 0.000000 ] 
frameTime 4.337460 sysTime 1439418251.785000  eventFlag 0 [ rFoot_XYZ -0.234946 0.127005 -2.567948 ] [ rFootQUAT_XYZW 0.076525 0.996780 0.000661 -0.023922 ] [ lFoot_XYZ 0.090349 0.121337 -2.577646 ] [ lFootQUAT_XYZW -0.025409 0.994413 0.026429 0.098991 ] [ glasses_XYZ 0.079856 1.037947 -2.684729 ] [ glassesQUAT_XYZW -0.097626 -0.800392 0.033541 0.590523 ] [ viewPos_XYZ 0.079856 1.037947 -2.684729 ] [ viewQUAT_XYZW 1.000000 0.000000 -0.000000 0.000000 ] 
frameTime 4.354120 sysTime 1439418251.802000  eventFlag 0 [ rFoot_XYZ -0.234553 0.127115 -2.567664 ] [ rFootQUAT_XYZW 0.075474 0.996909 0.001391 -0.021791 ] [ lFoot_XYZ 0.090372 0.121364 -2.577625 ] [ lFootQUAT_XYZW -0.024741 0.994414 0.026300 0.099183 ] [ glasses_XYZ 0.079773 1.038092 -2.685141 ] [ glassesQUAT_XYZW -0.095911 -0.801099 0.030569 0.590006 ] [ viewPos_XYZ 0.079773 1.038092 -2.685141 ] [ viewQUAT_XYZW 1.000000 0.000000 -0.000000 0.000000 ] 
frameTime 4.370719 sysTime 1439418251.819000  eventFlag 0 [ rFoot_XYZ -0.234917 0.127058 -2.567998 ] [ rFootQUAT_XYZW 0.076421 0.996790 0.001027 -0.023837 ] [ lFoot_XYZ 0.090311 0.121341 -2.577669 ] [ lFootQUAT_XYZW -0.025187 0.994449 0.026278 0.098720 ] [ glasses_XYZ 0.079913 1.037664 -2.684946 ] [ glassesQUAT_XYZW -0.098635 -0.800034 0.032805 0.590880 ] [ viewPos_XYZ 0.079913 1.037664 -2.684946 ] [ viewQUAT_XYZW 1.000000 0.000000 -0.000000 0.000000 ] 
frameTime 4.387374 sysTime 1439418251.839000  eventFlag 0 [ rFoot_XYZ -0.234344 0.127056 -2.567678 ] [ rFootQUAT_XYZW 0.075302 0.996944 0.001513 -0.020749 ] [ lFoot_XYZ 0.090762 0.121764 -2.577261 ] [ lFootQUAT_XYZW -0.025136 0.994702 0.023146 0.096952 ] [ glasses_XYZ 0.079650 1.037956 -2.685289 ] [ glassesQUAT_XYZW -0.097281 -0.801032 0.030409 0.589881 ] [ viewPos_XYZ 0.079650 1.037956 -2.685289 ] [ viewQUAT_XYZW 1.000000 0.000000 -0.000000 0.000000 ] 
frameTime 4.404026 sysTime 1439418251.852000  eventFlag 0 [ rFoot_XYZ -0.234276 0.127105 -2.567564 ] [ rFootQUAT_XYZW 0.075033 0.996970 0.000996 -0.020513 ] [ lFoot_XYZ 0.091280 0.122280 -2.576665 ] [ lFootQUAT_XYZW -0.026307 0.995186 0.018575 0.092562 ] [ glasses_XYZ 0.079810 1.038193 -2.685428 ] [ glassesQUAT_XYZW -0.096178 -0.801112 0.030548 0.589946 ] [ viewPos_XYZ 0.079810 1.038193 -2.685428 ] [ viewQUAT_XYZW 1.000000 0.000000 -0.000000 0.000000 ] 
frameTime 4.420751 sysTime 1439418251.869000  eventFlag 0 [ rFoot_XYZ -0.233767 0.127264 -2.567591 ] [ rFootQUAT_XYZW 0.073072 0.997153 0.001468 -0.018537 ] [ lFoot_XYZ 0.091382 0.122376 -2.576844 ] [ lFootQUAT_XYZW -0.024838 0.995263 0.018100 0.092229 ] [ glasses_XYZ 0.079964 1.039380 -2.686614 ] [ glassesQUAT_XYZW -0.084837 -0.802784 0.023821 0.589723 ] [ viewPos_XYZ 0.079964 1.039380 -2.686614 ] [ viewQUAT_XYZW 1.000000 0.000000 -0.000000 0.000000 ] 
frameTime 4.437467 sysTime 1439418251.889000  eventFlag 0 [ rFoot_XYZ -0.234184 0.127296 -2.567831 ] [ rFootQUAT_XYZW 0.073007 0.997117 0.001297 -0.020632 ] [ lFoot_XYZ 0.090814 0.122087 -2.577488 ] [ lFootQUAT_XYZW -0.022659 0.995227 0.019603 0.092873 ] [ glasses_XYZ 0.079872 1.037209 -2.685309 ] [ glassesQUAT_XYZW -0.104641 -0.799056 0.035711 0.591003 ] [ viewPos_XYZ 0.079872 1.037209 -2.685309 ] [ viewQUAT_XYZW 1.000000 0.000000 -0.000000 0.000000 ] 
frameTime 4.454021 sysTime 1439418251.903000  eventFlag 0 [ rFoot_XYZ -0.234096 0.127368 -2.568296 ] [ rFootQUAT_XYZW 0.071122 0.997257 0.002003 -0.020383 ] [ lFoot_XYZ 0.090505 0.122280 -2.578024 ] [ lFootQUAT_XYZW -0.017142 0.995103 0.020446 0.095178 ] [ glasses_XYZ 0.079611 1.037901 -2.686150 ] [ glassesQUAT_XYZW -0.100474 -0.800383 0.031606 0.590163 ] [ viewPos_XYZ 0.079611 1.037901 -2.686150 ] [ viewQUAT_XYZW 1.000000 0.000000 -0.000000 0.000000 ] 
frameTime 4.470844 sysTime 1439418251.921000  eventFlag 0 [ rFoot_XYZ -0.234362 0.127304 -2.568552 ] [ rFootQUAT_XYZW 0.071956 0.997168 0.001634 -0.021817 ] [ lFoot_XYZ 0.090801 0.123263 -2.577934 ] [ lFootQUAT_XYZW -0.011368 0.995503 0.016349 0.092608 ] [ glasses_XYZ 0.079825 1.037674 -2.686261 ] [ glassesQUAT_XYZW -0.101394 -0.800869 0.029728 0.589445 ] [ viewPos_XYZ 0.079825 1.037674 -2.686261 ] [ viewQUAT_XYZW 1.000000 0.000000 -0.000000 0.000000 ] 
frameTime 4.487388 sysTime 1439418251.938000  eventFlag 0 [ rFoot_XYZ -0.234150 0.126986 -2.568520 ] [ rFootQUAT_XYZW 0.074683 0.996996 0.000567 -0.020545 ] [ lFoot_XYZ 0.091471 0.123174 -2.577677 ] [ lFootQUAT_XYZW -0.017445 0.995552 0.014991 0.091367 ] [ glasses_XYZ 0.079727 1.037794 -2.686292 ] [ glassesQUAT_XYZW -0.099225 -0.800072 0.031191 0.590819 ] [ viewPos_XYZ 0.079727 1.037794 -2.686292 ] [ viewQUAT_XYZW 1.000000 0.000000 -0.000000 0.000000 ] 
frameTime 4.504049 sysTime 1439418251.952000  eventFlag 0 [ rFoot_XYZ -0.234314 0.127166 -2.568828 ] [ rFootQUAT_XYZW 0.074445 0.996998 0.001587 -0.021206 ] [ lFoot_XYZ 0.090710 0.122261 -2.578225 ] [ lFootQUAT_XYZW -0.019637 0.995313 0.018822 0.092803 ] [ glasses_XYZ 0.080010 1.037034 -2.686098 ] [ glassesQUAT_XYZW -0.105508 -0.799237 0.033427 0.590737 ] [ viewPos_XYZ 0.080010 1.037034 -2.686098 ] [ viewQUAT_XYZW 1.000000 0.000000 -0.000000 0.000000 ] 
frameTime 4.520727 sysTime 1439418251.969000  eventFlag 0 [ rFoot_XYZ -0.234211 0.127151 -2.568801 ] [ rFootQUAT_XYZW 0.073070 0.997094 0.000850 -0.021531 ] [ lFoot_XYZ 0.090959 0.122101 -2.578040 ] [ lFootQUAT_XYZW -0.022467 0.995222 0.018380 0.093225 ] [ glasses_XYZ 0.079975 1.037670 -2.686453 ] [ glassesQUAT_XYZW -0.102688 -0.799602 0.034114 0.590702 ] [ viewPos_XYZ 0.079975 1.037670 -2.686453 ] [ viewQUAT_XYZW 1.000000 0.000000 -0.000000 0.000000 ] 
frameTime 4.537427 sysTime 1439418251.988000  eventFlag 0 [ rFoot_XYZ -0.234034 0.127288 -2.568749 ] [ rFootQUAT_XYZW 0.074090 0.997041 0.001493 -0.020415 ] [ lFoot_XYZ 0.090170 0.121387 -2.578562 ] [ lFootQUAT_XYZW -0.023380 0.994995 0.022058 0.094612 ] [ glasses_XYZ 0.080014 1.037130 -2.686231 ] [ glassesQUAT_XYZW -0.106346 -0.798783 0.034812 0.591121 ] [ viewPos_XYZ 0.080014 1.037130 -2.686231 ] [ viewQUAT_XYZW 1.000000 0.000000 -0.000000 0.000000 ] 
frameTime 4.554082 sysTime 1439418252.004000  eventFlag 0 [ rFoot_XYZ -0.234151 0.127263 -2.568778 ] [ rFootQUAT_XYZW 0.073053 0.997096 0.001510 -0.021458 ] [ lFoot_XYZ 0.090525 0.121501 -2.578460 ] [ lFootQUAT_XYZW -0.024390 0.994900 0.020944 0.095601 ] [ glasses_XYZ 0.079948 1.037668 -2.686474 ] [ glassesQUAT_XYZW -0.102718 -0.799514 0.033315 0.590861 ] [ viewPos_XYZ 0.079948 1.037668 -2.686474 ] [ viewQUAT_XYZW 1.000000 0.000000 -0.000000 0.000000 ] 
frameTime 4.570766 sysTime 1439418252.015000  eventFlag 6 [ rFoot_XYZ -0.234186 0.127366 -2.568954 ] [ rFootQUAT_XYZW 0.072930 0.997107 0.002030 -0.021333 ] [ lFoot_XYZ 0.091034 0.121895 -2.577646 ] [ lFootQUAT_XYZW -0.027193 0.995433 0.015803 0.090135 ] [ glasses_XYZ 0.080042 1.037037 -2.686239 ] [ glassesQUAT_XYZW -0.105742 -0.798835 0.033235 0.591249 ] [ viewPos_XYZ 0.080042 1.037037 -2.686239 ] [ viewQUAT_XYZW 1.000000 0.000000 -0.000000 0.000000 ] 
frameTime 91.121965 sysTime 1439418338.572000  eventFlag 1  trialType t1 [ obstacle_XYZ 0.000000 0.000000 -0.588208 ]  obstacleHeight 0.015000  isWalkingDownAxis 1  trialNum 1 [ rFoot_XYZ 0.102809 0.165645 2.159527 ] [ rFootQUAT_XYZW 0.022625 0.061820 0.019340 0.997643 ] [ lFoot_XYZ -0.220283 0.161930 2.184722 ] [ lFootQUAT_XYZW -0.025806 -0.050724 -0.044974 0.997366 ] [ glasses_XYZ -0.231152 1.095342 2.305643 ] [ glassesQUAT_XYZW -0.027869 0.668987 -0.086241 0.737728 ] [ viewPos_XYZ -0.231152 1.095342 2.305643 ] [ viewQUAT_XYZW 1.000000 0.000000 -0.000000 0.000000 ] 
frameTime 91.138698 sysTime 1439418338.588000  eventFlag 0 [ rFoot_XYZ 0.104052 0.164825 2.151351 ] [ rFootQUAT_XYZW 0.021774 0.060447 0.015526 0.997813 ] [ lFoot_XYZ -0.220436 0.161805 2.174828 ] [ lFootQUAT_XYZW -0.025738 -0.052380 -0.044190 0.997317 ] [ glasses_XYZ -0.232149 1.093879 2.294348 ] [ glassesQUAT_XYZW -0.025501 0.661090 -0.078405 0.745763 ] [ viewPos_XYZ -0.232149 1.093879 2.294348 ] [ viewQUAT_XYZW 1.000000 0.000000 -0.000000 0.000000 ] 
frameTime 91.155357 sysTime 1439418338.604000  eventFlag 0 [ rFoot_XYZ 0.105105 0.165624 2.143462 ] [ rFootQUAT_XYZW 0.019802 0.064710 0.007654 0.997678 ] [ lFoot_XYZ -0.220994 0.161738 2.164865 ] [ lFootQUAT_XYZW -0.026694 -0.054303 -0.041592 0.997301 ] [ glasses_XYZ -0.232333 1.096018 2.283291 ] [ glassesQUAT_XYZW -0.050161 0.656964 -0.093486 0.746419 ] [ viewPos_XYZ -0.232333 1.096018 2.283291 ] [ viewQUAT_XYZW 1.000000 0.000000 -0.000000 0.000000 ] 
frameTime 91.171975 sysTime 1439418338.622000  eventFlag 0 [ rFoot_XYZ 0.103737 0.166070 2.134241 ] [ rFootQUAT_XYZW 0.021078 0.066681 0.006232 0.997532 ] [ lFoot_XYZ -0.221617 0.161499 2.154454 ] [ lFootQUAT_XYZW -0.027926 -0.055431 -0.042089 0.997184 ] [ glasses_XYZ -0.232675 1.093123 2.272253 ] [ glassesQUAT_XYZW -0.054273 0.647328 -0.074281 0.756639 ] [ viewPos_XYZ -0.232675 1.093123 2.272253 ] [ viewQUAT_XYZW 1.000000 0.000000 -0.000000 0.000000 ] 
frameTime 91.188670 sysTime 1439418338.638000  eventFlag 0 [ rFoot_XYZ 0.102853 0.165946 2.124528 ] [ rFootQUAT_XYZW 0.020755 0.060332 0.012511 0.997884 ] [ lFoot_XYZ -0.221792 0.161659 2.144003 ] [ lFootQUAT_XYZW -0.027852 -0.057905 -0.041850 0.997056 ] [ glasses_XYZ -0.233407 1.095921 2.263475 ] [ glassesQUAT_XYZW -0.057875 0.650029 -0.101553 0.750866 ] [ viewPos_XYZ -0.233407 1.095921 2.263475 ] [ viewQUAT_XYZW 1.000000 0.000000 -0.000000 0.000000 ] 
frameTime 91.205399 sysTime 1439418338.657000  eventFlag 0 [ rFoot_XYZ 0.102211 0.164525 2.115159 ] [ rFootQUAT_XYZW 0.023759 0.052811 0.027388 0.997946 ] [ lFoot_XYZ -0.222105 0.161969 2.133766 ] [ lFootQUAT_XYZW -0.025547 -0.062300 -0.038212 0.996998 ] [ glasses_XYZ -0.233038 1.093898 2.251673 ] [ glassesQUAT_XYZW -0.043474 0.648130 -0.079732 0.756095 ] [ viewPos_XYZ -0.233038 1.093898 2.251673 ] [ viewQUAT_XYZW 1.000000 0.000000 -0.000000 0.000000 ] 
frameTime 91.221945 sysTime 1439418338.671000  eventFlag 0 [ rFoot_XYZ 0.102007 0.161946 2.105436 ] [ rFootQUAT_XYZW 0.032959 0.048913 0.043419 0.997314 ] [ lFoot_XYZ -0.222615 0.162296 2.123473 ] [ lFootQUAT_XYZW -0.024988 -0.064240 -0.036192 0.996965 ] [ glasses_XYZ -0.232040 1.089796 2.238847 ] [ glassesQUAT_XYZW -0.015282 0.654540 -0.048871 0.754292 ] [ viewPos_XYZ -0.232040 1.089796 2.238847 ] [ viewQUAT_XYZW 1.000000 0.000000 -0.000000 0.000000 ] 
frameTime 91.238676 sysTime 1439418338.689000  eventFlag 0 [ rFoot_XYZ 0.102570 0.159976 2.094780 ] [ rFootQUAT_XYZW 0.038493 0.046326 0.061255 0.996303 ] [ lFoot_XYZ -0.222630 0.162176 2.112771 ] [ lFootQUAT_XYZW -0.025292 -0.066570 -0.035998 0.996811 ] [ glasses_XYZ -0.231997 1.085399 2.224679 ] [ glassesQUAT_XYZW -0.005991 0.645263 -0.003237 0.763930 ] [ viewPos_XYZ -0.231997 1.085399 2.224679 ] [ viewQUAT_XYZW 1.000000 0.000000 -0.000000 0.000000 ] 
frameTime 91.255359 sysTime 1439418338.705000  eventFlag 0 [ rFoot_XYZ 0.102285 0.159497 2.084809 ] [ rFootQUAT_XYZW 0.040462 0.041686 0.066277 0.996109 ] [ lFoot_XYZ -0.222892 0.162868 2.102431 ] [ lFootQUAT_XYZW -0.023462 -0.069495 -0.028822 0.996890 ] [ glasses_XYZ -0.231976 1.084435 2.213789 ] [ glassesQUAT_XYZW 0.021283 0.662447 0.000619 0.748806 ] [ viewPos_XYZ -0.231976 1.084435 2.213789 ] [ viewQUAT_XYZW 1.000000 0.000000 -0.000000 0.000000 ] 
frameTime 91.271983 sysTime 1439418338.722000  eventFlag 0 [ rFoot_XYZ 0.102903 0.159427 2.075115 ] [ rFootQUAT_XYZW 0.037653 0.039571 0.069048 0.996117 ] [ lFoot_XYZ -0.222622 0.163513 2.091750 ] [ lFootQUAT_XYZW -0.023045 -0.072676 -0.025386 0.996766 ] [ glasses_XYZ -0.231626 1.082433 2.199932 ] [ glassesQUAT_XYZW 0.028042 0.655953 0.025489 0.753850 ] [ viewPos_XYZ -0.231626 1.082433 2.199932 ] [ viewQUAT_XYZW 1.000000 0.000000 -0.000000 0.000000 ] 
frameTime 91.288633 sysTime 1439418338.740000  eventFlag 0 [ rFoot_XYZ 0.102420 0.159449 2.065215 ] [ rFootQUAT_XYZW 0.036091 0.038287 0.067095 0.996358 ] [ lFoot_XYZ -0.222974 0.163624 2.080354 ] [ lFootQUAT_XYZW -0.022512 -0.072341 -0.023905 0.996839 ] [ glasses_XYZ -0.231683 1.085292 2.190278 ] [ glassesQUAT_XYZW -0.013712 0.644609 0.003066 0.764383 ] [ viewPos_XYZ -0.231683 1.085292 2.190278 ] [ viewQUAT_XYZW 1.000000 0.000000 -0.000000 0.000000 ] 
frameTime 91.305385 sysTime 1439418338.755000  eventFlag 0 [ rFoot_XYZ 0.102609 0.159755 2.054446 ] [ rFootQUAT_XYZW 0.036326 0.038365 0.067408 0.996326 ] [ lFoot_XYZ -0.223103 0.163914 2.068649 ] [ lFootQUAT_XYZW -0.022354 -0.075070 -0.020839 0.996710 ] [ glasses_XYZ -0.232826 1.086370 2.178726 ] [ glassesQUAT_XYZW -0.021498 0.633086 -0.010462 0.773712 ] [ viewPos_XYZ -0.232826 1.086370 2.178726 ] [ viewQUAT_XYZW 1.000000 0.000000 -0.000000 0.000000 ] 
frameTime 91.322008 sysTime 1439418338.771000  eventFlag 0 [ rFoot_XYZ 0.102734 0.159860 2.043501 ] [ rFootQUAT_XYZW 0.035628 0.036146 0.064701 0.996613 ] [ lFoot_XYZ -0.222747 0.164365 2.056388 ] [ lFootQUAT_XYZW -0.020420 -0.076922 -0.019380 0.996640 ] [ glasses_XYZ -0.233890 1.090592 2.169942 ] [ glassesQUAT_XYZW -0.034961 0.635980 -0.053402 0.769062 ] [ viewPos_XYZ -0.233890 1.090592 2.169942 ] [ viewQUAT_XYZW 1.000000 0.000000 -0.000000 0.000000 ] 
frameTime 91.338649 sysTime 1439418338.788000  eventFlag 0 [ rFoot_XYZ 0.103606 0.160061 2.032381 ] [ rFootQUAT_XYZW 0.034920 0.036353 0.064901 0.996618 ] [ lFoot_XYZ -0.222169 0.164566 2.043922 ] [ lFootQUAT_XYZW -0.019385 -0.079427 -0.017678 0.996495 ] [ glasses_XYZ -0.233409 1.090876 2.157661 ] [ glassesQUAT_XYZW -0.041834 0.631141 -0.051868 0.772801 ] [ viewPos_XYZ -0.233409 1.090876 2.157661 ] [ viewQUAT_XYZW 1.000000 0.000000 -0.000000 0.000000 ] 
frameTime 91.355300 sysTime 1439418338.805000  eventFlag 0 [ rFoot_XYZ 0.104560 0.160097 2.020644 ] [ rFootQUAT_XYZW 0.035355 0.035270 0.066165 0.996558 ] [ lFoot_XYZ -0.222056 0.164476 2.031327 ] [ lFootQUAT_XYZW -0.018556 -0.080592 -0.017207 0.996426 ] [ glasses_XYZ -0.230242 1.089090 2.145801 ] [ glassesQUAT_XYZW -0.063713 0.622765 -0.035499 0.779002 ] [ viewPos_XYZ -0.230242 1.089090 2.145801 ] [ viewQUAT_XYZW 1.000000 0.000000 -0.000000 0.000000 ] 
frameTime 91.372031 sysTime 1439418338.822000  eventFlag 0 [ rFoot_XYZ 0.105289 0.159996 2.009629 ] [ rFootQUAT_XYZW 0.034106 0.033057 0.068979 0.996487 ] [ lFoot_XYZ -0.221583 0.164324 2.019019 ] [ lFootQUAT_XYZW -0.019129 -0.082753 -0.017030 0.996241 ] [ glasses_XYZ -0.232645 1.090207 2.134309 ] [ glassesQUAT_XYZW -0.045629 0.630899 -0.041100 0.773431 ] [ viewPos_XYZ -0.232645 1.090207 2.134309 ] [ viewQUAT_XYZW 1.000000 0.000000 -0.000000 0.000000 ] 
frameTime 91.388655 sysTime 1439418338.841000  eventFlag 0 [ rFoot_XYZ 0.106261 0.159910 1.999076 ] [ rFootQUAT_XYZW 0.033183 0.033518 0.064327 0.996814 ] [ lFoot_XYZ -0.221491 0.164497 2.006331 ] [ lFootQUAT_XYZW -0.017608 -0.083338 -0.017783 0.996207 ] [ glasses_XYZ -0.234066 1.088693 2.120693 ] [ glassesQUAT_XYZW -0.031264 0.632868 -0.034862 0.772842 ] [ viewPos_XYZ -0.234066 1.088693 2.120693 ] [ viewQUAT_XYZW 1.000000 0.000000 -0.000000 0.000000 ] 
frameTime 91.405950 sysTime 1439418338.855000  eventFlag 0 [ rFoot_XYZ 0.106781 0.159988 1.988316 ] [ rFootQUAT_XYZW 0.031491 0.032383 0.063361 0.996968 ] [ lFoot_XYZ -0.221740 0.164595 1.993636 ] [ lFootQUAT_XYZW -0.016804 -0.083296 -0.016999 0.996238 ] [ glasses_XYZ -0.234533 1.088883 2.107712 ] [ glassesQUAT_XYZW -0.025623 0.634048 -0.038686 0.771900 ] [ viewPos_XYZ -0.234533 1.088883 2.107712 ] [ viewQUAT_XYZW 1.000000 0.000000 -0.000000 0.000000 ] 
frameTime 91.421999 sysTime 1439418338.872000  eventFlag 0 [ rFoot_XYZ 0.107252 0.160000 1.977310 ] [ rFootQUAT_XYZW 0.030150 0.031502 0.060088 0.997240 ] [ lFoot_XYZ -0.221743 0.164665 1.981358 ] [ lFootQUAT_XYZW -0.017499 -0.086182 -0.015365 0.996007 ] [ glasses_XYZ -0.234723 1.086710 2.093494 ] [ glassesQUAT_XYZW -0.020865 0.629028 -0.025266 0.776692 ] [ viewPos_XYZ -0.234723 1.086710 2.093494 ] [ viewQUAT_XYZW 1.000000 0.000000 -0.000000 0.000000 ] 
frameTime 91.438674 sysTime 1439418338.888000  eventFlag 0 [ rFoot_XYZ 0.107642 0.160068 1.965802 ] [ rFootQUAT_XYZW 0.030312 0.029945 0.058992 0.997349 ] [ lFoot_XYZ -0.220863 0.165524 1.969105 ] [ lFootQUAT_XYZW -0.016615 -0.091514 -0.012099 0.995592 ] [ glasses_XYZ -0.234109 1.086998 2.080794 ] [ glassesQUAT_XYZW -0.022690 0.628215 -0.025754 0.777282 ] [ viewPos_XYZ -0.234109 1.086998 2.080794 ] [ viewQUAT_XYZW 1.000000 0.000000 -0.000000 0.000000 ] 
frameTime 91.455359 sysTime 1439418338.904000  eventFlag 0 [ rFoot_XYZ 0.108112 0.159912 1.954439 ] [ rFootQUAT_XYZW 0.029001 0.029798 0.057706 0.997467 ] [ lFoot_XYZ -0.220519 0.165984 1.956469 ] [ lFootQUAT_XYZW -0.015378 -0.094962 -0.007776 0.995332 ] [ glasses_XYZ -0.233597 1.085824 2.066994 ] [ glassesQUAT_XYZW -0.022223 0.622624 -0.014563 0.782070 ] [ viewPos_XYZ -0.233597 1.085824 2.066994 ] [ viewQUAT_XYZW 1.000000 0.000000 -0.000000 0.000000 ] 
frameTime 91.471973 sysTime 1439418338.922000  eventFlag 0 [ rFoot_XYZ 0.109118 0.160208 1.942070 ] [ rFootQUAT_XYZW 0.029588 0.026404 0.055068 0.997695 ] [ lFoot_XYZ -0.219967 0.166159 1.943532 ] [ lFootQUAT_XYZW -0.015317 -0.097277 -0.003896 0.995132 ] [ glasses_XYZ -0.233618 1.086038 2.054201 ] [ glassesQUAT_XYZW -0.021539 0.624208 -0.018413 0.780745 ] [ viewPos_XYZ -0.233618 1.086038 2.054201 ] [ viewQUAT_XYZW 1.000000 0.000000 -0.000000 0.000000 ] 
frameTime 91.488715 sysTime 1439418338.939000  eventFlag 0 [ rFoot_XYZ 0.110136 0.161336 1.929630 ] [ rFootQUAT_XYZW 0.025160 0.024766 0.061586 0.997477 ] [ lFoot_XYZ -0.219065 0.166363 1.930524 ] [ lFootQUAT_XYZW -0.014660 -0.098980 -0.004281 0.994972 ] [ glasses_XYZ -0.233058 1.084229 2.039374 ] [ glassesQUAT_XYZW -0.016459 0.620691 -0.004330 0.783870 ] [ viewPos_XYZ -0.233058 1.084229 2.039374 ] [ viewQUAT_XYZW 1.000000 0.000000 -0.000000 0.000000 ] 
frameTime 91.505347 sysTime 1439418338.954000  eventFlag 0 [ rFoot_XYZ 0.111044 0.161364 1.917919 ] [ rFootQUAT_XYZW 0.022445 0.024153 0.054898 0.997947 ] [ lFoot_XYZ -0.218196 0.165970 1.916853 ] [ lFootQUAT_XYZW -0.014723 -0.101154 -0.005721 0.994745 ] [ glasses_XYZ -0.231710 1.084830 2.026270 ] [ glassesQUAT_XYZW -0.023466 0.623370 -0.004870 0.781560 ] [ viewPos_XYZ -0.231710 1.084830 2.026270 ] [ viewQUAT_XYZW 1.000000 0.000000 -0.000000 0.000000 ] 
frameTime 91.521981 sysTime 1439418338.972000  eventFlag 0 [ rFoot_XYZ 0.110829 0.161398 1.906896 ] [ rFootQUAT_XYZW 0.020440 0.022100 0.035486 0.998917 ] [ lFoot_XYZ -0.217882 0.165645 1.902708 ] [ lFootQUAT_XYZW -0.015206 -0.102535 -0.006886 0.994589 ] [ glasses_XYZ -0.232419 1.083014 2.011456 ] [ glassesQUAT_XYZW -0.020321 0.615002 0.011565 0.788179 ] [ viewPos_XYZ -0.232419 1.083014 2.011456 ] [ viewQUAT_XYZW 1.000000 0.000000 -0.000000 0.000000 ] 
frameTime 91.538728 sysTime 1439418338.990000  eventFlag 0 [ rFoot_XYZ 0.112731 0.162122 1.892434 ] [ rFootQUAT_XYZW 0.021358 0.022765 0.038524 0.998770 ] [ lFoot_XYZ -0.217297 0.165506 1.887756 ] [ lFootQUAT_XYZW -0.011930 -0.102487 -0.010214 0.994610 ] [ glasses_XYZ -0.231164 1.076805 1.994814 ] [ glassesQUAT_XYZW 0.023754 0.621812 0.066078 0.780012 ] [ viewPos_XYZ -0.231164 1.076805 1.994814 ] [ viewQUAT_XYZW 1.000000 0.000000 -0.000000 0.000000 ] 
frameTime 91.555410 sysTime 1439418339.005000  eventFlag 0 [ rFoot_XYZ 0.113457 0.161961 1.878864 ] [ rFootQUAT_XYZW 0.021239 0.020262 0.042583 0.998662 ] [ lFoot_XYZ -0.216470 0.164925 1.873104 ] [ lFootQUAT_XYZW -0.012551 -0.103230 -0.016319 0.994444 ] [ glasses_XYZ -0.229991 1.073287 1.979465 ] [ glassesQUAT_XYZW 0.040374 0.617458 0.101647 0.778963 ] [ viewPos_XYZ -0.229991 1.073287 1.979465 ] [ viewQUAT_XYZW 1.000000 0.000000 -0.000000 0.000000 ] 
frameTime 91.571990 sysTime 1439418339.023000  eventFlag 0 [ rFoot_XYZ 0.114548 0.161649 1.865270 ] [ rFootQUAT_XYZW 0.022979 0.019345 0.044039 0.998578 ] [ lFoot_XYZ -0.215942 0.164531 1.858688 ] [ lFootQUAT_XYZW -0.011861 -0.103262 -0.019913 0.994384 ] [ glasses_XYZ -0.230067 1.076199 1.967474 ] [ glassesQUAT_XYZW 0.026940 0.618946 0.079812 0.780903 ] [ viewPos_XYZ -0.230067 1.076199 1.967474 ] [ viewQUAT_XYZW 1.000000 0.000000 -0.000000 0.000000 ] 
frameTime 91.588671 sysTime 1439418339.038000  eventFlag 0 [ rFoot_XYZ 0.115298 0.161680 1.852657 ] [ rFootQUAT_XYZW 0.021903 0.016504 0.049287 0.998408 ] [ lFoot_XYZ -0.215007 0.164322 1.844508 ] [ lFootQUAT_XYZW -0.012506 -0.104794 -0.022511 0.994160 ] [ glasses_XYZ -0.231145 1.079994 1.954970 ] [ glassesQUAT_XYZW 0.005230 0.616004 0.035115 0.786943 ] [ viewPos_XYZ -0.231145 1.079994 1.954970 ] [ viewQUAT_XYZW 1.000000 0.000000 -0.000000 0.000000 ] 
frameTime 91.605278 sysTime 1439418339.055000  eventFlag 0 [ rFoot_XYZ 0.116387 0.161824 1.839700 ] [ rFootQUAT_XYZW 0.020274 0.014348 0.049835 0.998449 ] [ lFoot_XYZ -0.213972 0.164034 1.830334 ] [ lFootQUAT_XYZW -0.012643 -0.105896 -0.024290 0.994000 ] [ glasses_XYZ -0.231588 1.081436 1.940528 ] [ glassesQUAT_XYZW -0.012807 0.609562 0.014923 0.792495 ] [ viewPos_XYZ -0.231588 1.081436 1.940528 ] [ viewQUAT_XYZW 1.000000 0.000000 -0.000000 0.000000 ] 
frameTime 91.622083 sysTime 1439418339.075000  eventFlag 0 [ rFoot_XYZ 0.117122 0.161158 1.826624 ] [ rFootQUAT_XYZW 0.021710 0.013040 0.045280 0.998653 ] [ lFoot_XYZ -0.212895 0.163606 1.816359 ] [ lFootQUAT_XYZW -0.013374 -0.108557 -0.025567 0.993671 ] [ glasses_XYZ -0.232155 1.081470 1.925400 ] [ glassesQUAT_XYZW -0.013454 0.603453 0.012180 0.797192 ] [ viewPos_XYZ -0.232155 1.081470 1.925400 ] [ viewQUAT_XYZW 1.000000 0.000000 -0.000000 0.000000 ] 
frameTime 91.640061 sysTime 1439418339.093000  eventFlag 0 [ rFoot_XYZ 0.118172 0.161251 1.813267 ] [ rFootQUAT_XYZW 0.021420 0.012938 0.040131 0.998881 ] [ lFoot_XYZ -0.211881 0.163363 1.801828 ] [ lFootQUAT_XYZW -0.013886 -0.110136 -0.025943 0.993481 ] [ glasses_XYZ -0.232887 1.081389 1.910699 ] [ glassesQUAT_XYZW -0.000061 0.607787 0.012648 0.794000 ] [ viewPos_XYZ -0.232887 1.081389 1.910699 ] [ viewQUAT_XYZW 1.000000 0.000000 -0.000000 0.000000 ] 
frameTime 91.658065 sysTime 1439418339.108000  eventFlag 0 [ rFoot_XYZ 0.119746 0.161459 1.797678 ] [ rFootQUAT_XYZW 0.020013 0.013216 0.038594 0.998967 ] [ lFoot_XYZ -0.210714 0.163327 1.785704 ] [ lFootQUAT_XYZW -0.016510 -0.113462 -0.023627 0.993124 ] [ glasses_XYZ -0.232118 1.079163 1.892574 ] [ glassesQUAT_XYZW -0.001395 0.600195 0.028872 0.799332 ] [ viewPos_XYZ -0.232118 1.079163 1.892574 ] [ viewQUAT_XYZW 1.000000 0.000000 -0.000000 0.000000 ] 
frameTime 91.672394 sysTime 1439418339.122000  eventFlag 0 [ rFoot_XYZ 0.120322 0.161167 1.785802 ] [ rFootQUAT_XYZW 0.019793 0.010855 0.033722 0.999176 ] [ lFoot_XYZ -0.210016 0.163537 1.772975 ] [ lFootQUAT_XYZW -0.017637 -0.115056 -0.022075 0.992957 ] [ glasses_XYZ -0.230116 1.077068 1.878784 ] [ glassesQUAT_XYZW -0.001487 0.597321 0.047770 0.800577 ] [ viewPos_XYZ -0.230116 1.077068 1.878784 ] [ viewQUAT_XYZW 1.000000 0.000000 -0.000000 0.000000 ] 
frameTime 91.688721 sysTime 1439418339.141000  eventFlag 0 [ rFoot_XYZ 0.120916 0.161213 1.772085 ] [ rFootQUAT_XYZW 0.019437 0.009054 0.034305 0.999181 ] [ lFoot_XYZ -0.208856 0.163677 1.758403 ] [ lFootQUAT_XYZW -0.018467 -0.117857 -0.020081 0.992656 ] [ glasses_XYZ -0.228617 1.075611 1.862977 ] [ glassesQUAT_XYZW 0.002867 0.597519 0.065005 0.799210 ] [ viewPos_XYZ -0.228617 1.075611 1.862977 ] [ viewQUAT_XYZW 1.000000 0.000000 -0.000000 0.000000 ] 
frameTime 91.706400 sysTime 1439418339.158000  eventFlag 0 [ rFoot_XYZ 0.121345 0.159559 1.757589 ] [ rFootQUAT_XYZW 0.024522 0.004696 0.043645 0.998735 ] [ lFoot_XYZ -0.208077 0.164054 1.743142 ] [ lFootQUAT_XYZW -0.018132 -0.118261 -0.017131 0.992669 ] [ glasses_XYZ -0.226592 1.073892 1.847450 ] [ glassesQUAT_XYZW 0.007303 0.596514 0.082058 0.798363 ] [ viewPos_XYZ -0.226592 1.073892 1.847450 ] [ viewQUAT_XYZW 1.000000 0.000000 -0.000000 0.000000 ] 
frameTime 91.722449 sysTime 1439418339.172000  eventFlag 0 [ rFoot_XYZ 0.122476 0.156966 1.742631 ] [ rFootQUAT_XYZW 0.032726 0.001672 0.061217 0.997586 ] [ lFoot_XYZ -0.207017 0.164054 1.727765 ] [ lFootQUAT_XYZW -0.018755 -0.118506 -0.015284 0.992659 ] [ glasses_XYZ -0.225571 1.073662 1.831959 ] [ glassesQUAT_XYZW 0.006220 0.595946 0.085346 0.798452 ] [ viewPos_XYZ -0.225571 1.073662 1.831959 ] [ viewQUAT_XYZW 1.000000 0.000000 -0.000000 0.000000 ] 
frameTime 91.738632 sysTime 1439418339.188000  eventFlag 0 [ rFoot_XYZ 0.123695 0.153919 1.727290 ] [ rFootQUAT_XYZW 0.041296 -0.003036 0.083891 0.995614 ] [ lFoot_XYZ -0.206387 0.164323 1.712147 ] [ lFootQUAT_XYZW -0.016790 -0.118966 -0.014362 0.992652 ] [ glasses_XYZ -0.225171 1.071375 1.815347 ] [ glassesQUAT_XYZW 0.008845 0.588991 0.100426 0.801827 ] [ viewPos_XYZ -0.225171 1.071375 1.815347 ] [ viewQUAT_XYZW 1.000000 0.000000 -0.000000 0.000000 ] 
frameTime 91.755345 sysTime 1439418339.205000  eventFlag 0 [ rFoot_XYZ 0.125325 0.151625 1.712168 ] [ rFootQUAT_XYZW 0.047271 -0.006060 0.101358 0.993708 ] [ lFoot_XYZ -0.205475 0.164388 1.695947 ] [ lFootQUAT_XYZW -0.014958 -0.115581 -0.014518 0.993079 ] [ glasses_XYZ -0.224207 1.070322 1.798948 ] [ glassesQUAT_XYZW 0.010046 0.586385 0.113193 0.802022 ] [ viewPos_XYZ -0.224207 1.070322 1.798948 ] [ viewQUAT_XYZW 1.000000 0.000000 -0.000000 0.000000 ] 
frameTime 91.771993 sysTime 1439418339.224000  eventFlag 0 [ rFoot_XYZ 0.126562 0.150472 1.697360 ] [ rFootQUAT_XYZW 0.050013 -0.008648 0.109671 0.992671 ] [ lFoot_XYZ -0.204761 0.164117 1.679915 ] [ lFootQUAT_XYZW -0.014880 -0.114162 -0.017175 0.993202 ] [ glasses_XYZ -0.221360 1.067122 1.781735 ] [ glassesQUAT_XYZW 0.009611 0.580095 0.144768 0.801523 ] [ viewPos_XYZ -0.221360 1.067122 1.781735 ] [ viewQUAT_XYZW 1.000000 0.000000 -0.000000 0.000000 ] 
frameTime 91.788989 sysTime 1439418339.241000  eventFlag 0 [ rFoot_XYZ 0.127611 0.149460 1.682604 ] [ rFootQUAT_XYZW 0.052885 -0.010370 0.115045 0.991897 ] [ lFoot_XYZ -0.203776 0.163295 1.664780 ] [ lFootQUAT_XYZW -0.019086 -0.117124 -0.021897 0.992692 ] [ glasses_XYZ -0.219504 1.068088 1.766487 ] [ glassesQUAT_XYZW 0.004863 0.581660 0.141574 0.801002 ] [ viewPos_XYZ -0.219504 1.068088 1.766487 ] [ viewQUAT_XYZW 1.000000 0.000000 -0.000000 0.000000 ] 
frameTime 91.805759 sysTime 1439418339.255000  eventFlag 0 [ rFoot_XYZ 0.129939 0.156952 1.667792 ] [ rFootQUAT_XYZW 0.030531 0.002184 0.068399 0.997188 ] [ lFoot_XYZ -0.202082 0.162032 1.649156 ] [ lFootQUAT_XYZW -0.022324 -0.119272 -0.027232 0.992237 ] [ glasses_XYZ -0.218976 1.068353 1.750787 ] [ glassesQUAT_XYZW 0.006906 0.580151 0.136340 0.802987 ] [ viewPos_XYZ -0.218976 1.068353 1.750787 ] [ viewQUAT_XYZW 1.000000 0.000000 -0.000000 0.000000 ] 
frameTime 91.822046 sysTime 1439418339.272000  eventFlag 0 [ rFoot_XYZ 0.129868 0.161865 1.654281 ] [ rFootQUAT_XYZW 0.013256 0.003845 0.014974 0.999793 ] [ lFoot_XYZ -0.201783 0.162311 1.633105 ] [ lFootQUAT_XYZW -0.018106 -0.116104 -0.021563 0.992838 ] [ glasses_XYZ -0.217870 1.069850 1.735591 ] [ glassesQUAT_XYZW 0.024914 0.590485 0.125692 0.796811 ] [ viewPos_XYZ -0.217870 1.069850 1.735591 ] [ viewQUAT_XYZW 1.000000 0.000000 -0.000000 0.000000 ] 
frameTime 91.838627 sysTime 1439418339.288000  eventFlag 0 [ rFoot_XYZ 0.131043 0.162275 1.639829 ] [ rFootQUAT_XYZW 0.011198 0.005189 0.002138 0.999922 ] [ lFoot_XYZ -0.201295 0.162730 1.617274 ] [ lFootQUAT_XYZW -0.016306 -0.113681 -0.022639 0.993126 ] [ glasses_XYZ -0.216801 1.068063 1.718439 ] [ glassesQUAT_XYZW 0.025132 0.584604 0.134944 0.799623 ] [ viewPos_XYZ -0.216801 1.068063 1.718439 ] [ viewQUAT_XYZW 1.000000 0.000000 -0.000000 0.000000 ] 
frameTime 91.855345 sysTime 1439418339.305000  eventFlag 0 [ rFoot_XYZ 0.132318 0.162181 1.624817 ] [ rFootQUAT_XYZW 0.010888 0.004481 -0.000813 0.999930 ] [ lFoot_XYZ -0.200853 0.163129 1.601311 ] [ lFootQUAT_XYZW -0.011636 -0.109028 -0.018945 0.993790 ] [ glasses_XYZ -0.218591 1.070292 1.703940 ] [ glassesQUAT_XYZW 0.050725 0.601472 0.114661 0.788994 ] [ viewPos_XYZ -0.218591 1.070292 1.703940 ] [ viewQUAT_XYZW 1.000000 0.000000 -0.000000 0.000000 ] 
frameTime 91.871958 sysTime 1439418339.321000  eventFlag 0 [ rFoot_XYZ 0.133167 0.161481 1.609282 ] [ rFootQUAT_XYZW 0.012177 0.002233 0.005244 0.999910 ] [ lFoot_XYZ -0.199438 0.163294 1.585748 ] [ lFootQUAT_XYZW -0.014130 -0.113044 -0.016409 0.993354 ] [ glasses_XYZ -0.218892 1.072771 1.689427 ] [ glassesQUAT_XYZW 0.027663 0.595495 0.077399 0.799143 ] [ viewPos_XYZ -0.218892 1.072771 1.689427 ] [ viewQUAT_XYZW 1.000000 0.000000 -0.000000 0.000000 ] 
frameTime 91.888625 sysTime 1439418339.338000  eventFlag 0 [ rFoot_XYZ 0.134134 0.161101 1.593550 ] [ rFootQUAT_XYZW 0.013826 0.000306 0.010380 0.999850 ] [ lFoot_XYZ -0.198255 0.163325 1.569753 ] [ lFootQUAT_XYZW -0.012868 -0.114260 -0.016769 0.993226 ] [ glasses_XYZ -0.219546 1.074258 1.673487 ] [ glassesQUAT_XYZW 0.013096 0.588368 0.056427 0.806516 ] [ viewPos_XYZ -0.219546 1.074258 1.673487 ] [ viewQUAT_XYZW 1.000000 0.000000 -0.000000 0.000000 ] 
frameTime 91.905347 sysTime 1439418339.355000  eventFlag 0 [ rFoot_XYZ 0.135178 0.160701 1.577746 ] [ rFootQUAT_XYZW 0.014684 -0.001369 0.015364 0.999773 ] [ lFoot_XYZ -0.197338 0.164378 1.554059 ] [ lFootQUAT_XYZW -0.009873 -0.115929 -0.010586 0.993152 ] [ glasses_XYZ -0.218677 1.073209 1.656852 ] [ glassesQUAT_XYZW 0.007980 0.580251 0.063797 0.811896 ] [ viewPos_XYZ -0.218677 1.073209 1.656852 ] [ viewQUAT_XYZW 1.000000 0.000000 -0.000000 0.000000 ] 
frameTime 91.921962 sysTime 1439418339.372000  eventFlag 0 [ rFoot_XYZ 0.136637 0.160312 1.562220 ] [ rFootQUAT_XYZW 0.014617 -0.002774 0.018447 0.999719 ] [ lFoot_XYZ -0.197146 0.165330 1.536409 ] [ lFootQUAT_XYZW -0.002644 -0.108300 -0.007214 0.994089 ] [ glasses_XYZ -0.218159 1.072668 1.640924 ] [ glassesQUAT_XYZW 0.023079 0.587892 0.072152 0.805385 ] [ viewPos_XYZ -0.218159 1.072668 1.640924 ] [ viewQUAT_XYZW 1.000000 0.000000 -0.000000 0.000000 ] 
frameTime 91.938678 sysTime 1439418339.389000  eventFlag 0 [ rFoot_XYZ 0.138694 0.160819 1.546936 ] [ rFootQUAT_XYZW 0.012295 -0.001380 0.015118 0.999809 ] [ lFoot_XYZ -0.196493 0.165802 1.520342 ] [ lFootQUAT_XYZW 0.001559 -0.107893 -0.006083 0.994143 ] [ glasses_XYZ -0.215603 1.069642 1.622128 ] [ glassesQUAT_XYZW 0.018175 0.580141 0.099806 0.808173 ] [ viewPos_XYZ -0.215603 1.069642 1.622128 ] [ viewQUAT_XYZW 1.000000 0.000000 -0.000000 0.000000 ] 
frameTime 91.955266 sysTime 1439418339.404000  eventFlag 0 [ rFoot_XYZ 0.139988 0.161323 1.531626 ] [ rFootQUAT_XYZW 0.010484 -0.000908 0.010774 0.999887 ] [ lFoot_XYZ -0.195719 0.165551 1.504666 ] [ lFootQUAT_XYZW -0.003852 -0.110211 -0.010347 0.993847 ] [ glasses_XYZ -0.210191 1.062788 1.601542 ] [ glassesQUAT_XYZW 0.012118 0.564998 0.169946 0.807310 ] [ viewPos_XYZ -0.210191 1.062788 1.601542 ] [ viewQUAT_XYZW 1.000000 0.000000 -0.000000 0.000000 ] 
frameTime 91.972088 sysTime 1439418339.422000  eventFlag 0 [ rFoot_XYZ 0.140527 0.161581 1.515837 ] [ rFootQUAT_XYZW 0.009223 -0.002927 0.006178 0.999934 ] [ lFoot_XYZ -0.193306 0.160616 1.487794 ] [ lFootQUAT_XYZW -0.017942 -0.111211 -0.039119 0.992865 ] [ glasses_XYZ -0.204210 1.057547 1.581827 ] [ glassesQUAT_XYZW 0.007213 0.554395 0.237705 0.797553 ] [ viewPos_XYZ -0.204210 1.057547 1.581827 ] [ viewQUAT_XYZW 1.000000 0.000000 -0.000000 0.000000 ] 
frameTime 91.988689 sysTime 1439418339.440000  eventFlag 0 [ rFoot_XYZ 0.141334 0.161675 1.500039 ] [ rFootQUAT_XYZW 0.009057 -0.004334 0.002222 0.999947 ] [ lFoot_XYZ -0.192361 0.160888 1.472768 ] [ lFootQUAT_XYZW -0.016867 -0.121059 -0.034485 0.991903 ] [ glasses_XYZ -0.204372 1.057901 1.565304 ] [ glassesQUAT_XYZW 0.027881 0.559175 0.239862 0.793103 ] [ viewPos_XYZ -0.204372 1.057901 1.565304 ] [ viewQUAT_XYZW 1.000000 0.000000 -0.000000 0.000000 ] 
frameTime 92.005386 sysTime 1439418339.457000  eventFlag 0 [ rFoot_XYZ 0.142479 0.161728 1.484498 ] [ rFootQUAT_XYZW 0.008178 -0.005115 -0.000960 0.999953 ] [ lFoot_XYZ -0.190774 0.162908 1.457759 ] [ lFootQUAT_XYZW -0.013765 -0.130760 -0.014588 0.991211 ] [ glasses_XYZ -0.202546 1.057657 1.548306 ] [ glassesQUAT_XYZW 0.030647 0.559412 0.244845 0.791309 ] [ viewPos_XYZ -0.202546 1.057657 1.548306 ] [ viewQUAT_XYZW 1.000000 0.000000 -0.000000 0.000000 ] 
frameTime 92.022017 sysTime 1439418339.472000  eventFlag 0 [ rFoot_XYZ 0.143827 0.161769 1.469198 ] [ rFootQUAT_XYZW 0.007898 -0.006319 -0.002097 0.999947 ] [ lFoot_XYZ -0.189476 0.162677 1.441494 ] [ lFootQUAT_XYZW -0.015614 -0.134114 -0.012203 0.990768 ] [ glasses_XYZ -0.199759 1.056067 1.531167 ] [ glassesQUAT_XYZW 0.016432 0.553841 0.256876 0.791836 ] [ viewPos_XYZ -0.199759 1.056067 1.531167 ] [ viewQUAT_XYZW 1.000000 0.000000 -0.000000 0.000000 ] 
frameTime 92.038667 sysTime 1439418339.488000  eventFlag 0 [ rFoot_XYZ 0.145407 0.161575 1.453589 ] [ rFootQUAT_XYZW 0.006345 -0.006933 -0.005502 0.999941 ] [ lFoot_XYZ -0.188039 0.161180 1.424968 ] [ lFootQUAT_XYZW -0.020216 -0.134913 -0.020862 0.990432 ] [ glasses_XYZ -0.197425 1.054623 1.513888 ] [ glassesQUAT_XYZW 0.007838 0.550945 0.270692 0.789382 ] [ viewPos_XYZ -0.197425 1.054623 1.513888 ] [ viewQUAT_XYZW 1.000000 0.000000 -0.000000 0.000000 ] 
frameTime 92.055356 sysTime 1439418339.505000  eventFlag 0 [ rFoot_XYZ 0.146621 0.161310 1.437639 ] [ rFootQUAT_XYZW 0.006380 -0.006660 -0.005962 0.999940 ] [ lFoot_XYZ -0.188129 0.160843 1.407858 ] [ lFootQUAT_XYZW -0.021353 -0.134133 -0.020736 0.990516 ] [ glasses_XYZ -0.196713 1.054349 1.497956 ] [ glassesQUAT_XYZW 0.002609 0.548099 0.268915 0.792001 ] [ viewPos_XYZ -0.196713 1.054349 1.497956 ] [ viewQUAT_XYZW 1.000000 0.000000 -0.000000 0.000000 ] 
frameTime 92.072127 sysTime 1439418339.525000  eventFlag 0 [ rFoot_XYZ 0.147546 0.161551 1.421542 ] [ rFootQUAT_XYZW 0.005807 -0.007653 -0.008976 0.999914 ] [ lFoot_XYZ -0.187279 0.161499 1.390836 ] [ lFootQUAT_XYZW -0.019612 -0.134235 -0.013341 0.990666 ] [ glasses_XYZ -0.194966 1.054561 1.481549 ] [ glassesQUAT_XYZW -0.002607 0.548181 0.270460 0.791418 ] [ viewPos_XYZ -0.194966 1.054561 1.481549 ] [ viewQUAT_XYZW 1.000000 0.000000 -0.000000 0.000000 ] 
frameTime 92.089882 sysTime 1439418339.540000  eventFlag 0 [ rFoot_XYZ 0.148695 0.161411 1.405759 ] [ rFootQUAT_XYZW 0.005687 -0.008356 -0.007667 0.999920 ] [ lFoot_XYZ -0.186783 0.161668 1.373630 ] [ lFootQUAT_XYZW -0.016419 -0.130873 -0.015383 0.991144 ] [ glasses_XYZ -0.194432 1.054851 1.465171 ] [ glassesQUAT_XYZW -0.000304 0.546641 0.261866 0.795368 ] [ viewPos_XYZ -0.194432 1.054851 1.465171 ] [ viewQUAT_XYZW 1.000000 0.000000 -0.000000 0.000000 ] 
frameTime 92.105384 sysTime 1439418339.555000  eventFlag 0 [ rFoot_XYZ 0.150041 0.161393 1.390403 ] [ rFootQUAT_XYZW 0.004360 -0.010445 -0.007962 0.999904 ] [ lFoot_XYZ -0.185812 0.161615 1.356778 ] [ lFootQUAT_XYZW -0.013572 -0.127746 -0.013128 0.991627 ] [ glasses_XYZ -0.209871 1.069394 1.454591 ] [ glassesQUAT_XYZW 0.056487 0.584769 0.085220 0.804731 ] [ viewPos_XYZ -0.209871 1.069394 1.454591 ] [ viewQUAT_XYZW 1.000000 0.000000 -0.000000 0.000000 ] 
frameTime 92.122048 sysTime 1439418339.572000  eventFlag 0 [ rFoot_XYZ 0.150968 0.161100 1.375495 ] [ rFootQUAT_XYZW 0.005451 -0.012426 -0.008196 0.999874 ] [ lFoot_XYZ -0.185095 0.161189 1.339794 ] [ lFootQUAT_XYZW -0.014728 -0.127852 -0.016037 0.991554 ] [ glasses_XYZ -0.210097 1.070250 1.438038 ] [ glassesQUAT_XYZW 0.043947 0.584466 0.064239 0.807677 ] [ viewPos_XYZ -0.210097 1.070250 1.438038 ] [ viewQUAT_XYZW 1.000000 0.000000 -0.000000 0.000000 ] 
frameTime 92.138700 sysTime 1439418339.585000  eventFlag 7 [ rFoot_XYZ 0.151863 0.160960 1.360227 ] [ rFootQUAT_XYZW 0.004662 -0.013959 -0.014855 0.999781 ] [ lFoot_XYZ -0.184503 0.160788 1.322879 ] [ lFootQUAT_XYZW -0.014841 -0.128341 -0.013002 0.991534 ] [ glasses_XYZ -0.206562 1.067917 1.419677 ] [ glassesQUAT_XYZW 0.014435 0.572008 0.087528 0.815437 ] [ viewPos_XYZ -0.206562 1.067917 1.419677 ] [ viewQUAT_XYZW 1.000000 0.000000 -0.000000 0.000000 ] 
